76
4 198
14716 80830 81122 29599 14304 51836 60058 38590 50258 10566 87330 10378 66572 47642 93704 20618 77231 22452 99850 74405 25789 12769 45298 45667 63122 23155 64104 2463 62125 47828 31696 6885 798 70830 9276 35998 22464 10649 46852 54536 11444 57020 70126 31583 25886 97178 28646 13459 54036 23637 88317 99684 18401 59690 26391 74155 40849 99188 81065 35017 53009 83249 78140 40721 94789 20872 42857 44206 14317 13949 21127 69785 82428 28776 10722 34571 60389 49423 78370 75278 19523 79514 6229 4502 45270 10958 60691 60243 36513 90964 76326 26777 79448 46124 89579 72571 98807 23982 29237 83815 33439 72166 48298 63354 63942 22547 12738 74548 42828 35357 63539 53674 91180 64364 2537 67907 99766 17525 59459 7824 60967 15220 57862 52775 37790 8254 82523 39300 92762 67829 8822 71074 57641 95670 29095 32918 17981 50355 31966 99251 51254 67576 76762 84368 96005 32193 90954 65420 3510 98057 44085 10133 52890 500 81835 61781 61491 86652 42005 60952 18929 9214 65444 34882 55115 18817 70629 57089 87841 20595 8058 8963 48250 55431 67940 92524 10270 75201 15042 16924 43972 79058 47285 85901 25618 31792 39608 71697 96362 66497 48946 63498 26441 18338 92353 52682 15135 99643 
20 195
6887 87670 85615 2939 11759 3247 32866 69067 22397 27095 46418 75812 10288 17051 30717 20165 99216 15045 162 70603 50102 36339 91341 55246 46954 84378 98849 50732 43545 69326 76295 71505 29235 61443 76655 25003 96020 31139 27547 4469 51823 35066 24558 84373 35016 56322 13721 29644 88442 76203 99016 99589 93110 29482 65383 37292 7440 24741 87764 32321 33207 73703 25290 57635 60279 76950 8790 35270 72024 79116 70650 7890 47688 56090 29089 85919 61468 39858 13489 98434 55231 3920 42656 61675 84608 13394 3481 44147 35967 82371 93700 87062 65541 87422 59649 1590 80352 84501 44952 25749 9980 74386 87803 43967 99801 17811 81782 10155 85506 89641 72779 12748 70811 57578 63953 32219 58241 3606 89633 82844 67348 71398 65277 71997 82925 33457 49387 43808 80930 55495 86211 9599 29049 34747 56477 98908 83501 68608 20899 13978 84453 18128 98417 21664 48209 132 72510 77041 51771 91721 47423 5510 57595 58391 98965 71038 15217 57017 46485 79623 65339 63198 56364 9448 57187 42518 52172 24056 99857 11062 92313 83275 42985 1283 32383 33193 21511 69194 4741 34446 70986 31648 51070 15157 91502 48146 56092 51572 94620 38787 94547 48497 28760 107 24732 
3 189
95207 42871 97814 54174 16003 43225 75469 58029 58353 3441 14297 21553 83803 18435 57108 10918 93333 80494 66113 83466 57479 68437 70555 54841 42128 67278 81702 48486 36759 36400 27695 59104 84615 21200 18151 52580 35886 73624 82935 44377 65786 64947 99468 50847 99447 80309 59966 63000 89308 11266 56357 37342 59357 89820 97028 39257 17159 91331 71812 81346 30058 46044 99106 39828 40669 31286 49288 58013 47794 52245 3433 16930 57446 31385 23645 62652 8942 99576 58135 58996 2672 96556 61546 82055 36317 34005 35404 62252 94767 60957 46892 33433 82950 96173 72141 3182 67101 87863 16606 39783 49109 77965 32724 81436 53186 53807 15600 90944 89708 99439 91140 58824 40647 39813 60005 12313 46022 14165 15783 58173 22092 18150 8265 26969 90174 33851 10564 53018 2044 67221 46298 37300 4680 44217 52652 23114 72235 86548 39655 44756 92469 97069 78340 47721 10713 50474 47098 54311 12927 12452 72246 83251 37991 14314 86353 29278 70219 4901 86070 80466 76760 75468 64046 13093 6839 54605 98197 44635 62796 52823 42482 56487 94287 91679 73607 93798 36258 84246 70134 25909 64064 92895 59514 60722 780 20859 59956 26450 61947 
23 188
49586 71237 828 519 6991 39629 14221 8932 57563 90837 97963 69900 70149 15363 30515 52713 10477 85204 86991 38372 13925 73556 85142 27299 60914 52401 41234 83254 92839 76251 72134 47373 62262 53801 93826 41670 70685 64426 8573 2504 19143 70233 254 35373 74664 64256 63864 25452 2763 22997 24457 4093 73710 91467 24407 96364 89449 83647 76826 63986 61053 93925 59607 6456 3085 49443 41086 11452 54998 21372 45651 48535 99396 36525 65873 79967 61015 54604 59870 28969 4453 560 8945 41484 88598 96669 78274 56895 78351 7360 88683 84742 59499 1174 37288 41269 85585 81502 23607 28230 93873 46929 25947 61989 33873 93636 72258 97568 57743 87688 45596 85578 7496 35226 22117 8928 51454 64617 4412 69451 19850 47728 14639 28666 42317 287 76787 3073 63133 85894 84307 50623 47264 44556 20600 49704 97631 59882 9045 31409 85130 70710 81301 96718 37239 93903 72185 61439 7445 81412 56853 60032 73501 65498 62559 13267 37278 56612 20744 25318 245 12147 40191 96497 40859 83380 37327 70223 35541 36817 66946 21991 89550 71355 92597 2267 43399 35958 86343 28362 12369 61696 53473 6102 69 11313 14848 5012 
60 186
48119 82386 33471 95512 68750 91102 52013 99184 27494 22947 51923 89538 75429 48319 96744 25881 23907 96879 12463 87305 19491 39092 90722 31080 18003 31424 77101 1524 5534 32635 74984 77627 3456 22247 63289 6273 43735 28283 25417 90059 6045 71591 15785 65955 59278 30973 72556 71168 7005 40888 40798 8283 96914 16352 92223 96156 76250 90423 70220 25715 7997 74231 14053 29991 99838 5158 44072 31632 1537 9009 77662 49432 95776 33691 39921 9639 22458 18001 77465 4568 79403 76219 27205 45050 98847 96051 3804 88489 30919 84435 68376 53142 50266 86161 52454 98338 26928 98607 7036 56445 89894 70819 491 99785 15154 39128 79172 43377 3731 14609 2917 58081 98264 53114 49608 50349 53369 80544 31985 1443 35290 62534 1685 54765 45722 41977 24560 24619 2210 45736 91318 54651 14000 28673 26403 80329 94777 92419 35390 32274 20502 23884 82445 59237 35184 14234 85116 67537 13506 53691 82799 13560 94462 89725 19985 26206 96692 53585 26302 33482 47078 66381 85592 55912 9379 68395 61586 12820 38155 20022 35265 12407 38856 76670 58498 24212 86644 82657 64350 60191 82812 58513 60479 4528 64794 87042 
72 370
99601 84387 58948 59996 28379 7495 147 95105 85355 98505 51333 10286 46487 58208 75955 11848 4711 10681 19296 26167 6132 57024 72945 17978 96374 2628 35996 92735 80241 37103 92400 73734 51029 93328 9973 59123 27465 29705 43733 68655 17713 74149 67169 58689 23918 19530 83930 61414 10454 30067 55378 57616 88348 15093 95021 5887 74179 68505 28722 48316 52091 57897 32713 72782 90688 56072 17181 88756 66585 81494 85744 94525 944 87244 28104 27241 58000 17424 64547 23745 34869 98744 39515 62352 12024 17660 48088 14719 94950 27191 34953 37536 21774 19166 81516 87625 88723 4554 27830 67342 6396 49625 45254 58328 92274 70146 81955 68774 90719 91495 63815 79546 83990 74752 82490 25747 85584 36229 92292 77510 44806 36944 81461 60659 29406 18175 57088 67268 68490 91777 84849 96324 10231 27142 22368 22867 81199 97047 4137 37604 76222 7198 99588 37679 38557 60056 34409 73883 95928 403 59182 46740 13649 79334 10276 28176 52548 25094 55200 94565 15162 82141 33869 8770 35721 22772 49151 63046 78607 77403 86109 60658 73464 49591 50378 54832 48583 44663 49620 29959 30357 67528 76727 89417 77131 27296 78959 29887 35210 18347 5134 61189 20727 18324 42284 48992 58317 27526 14862 14397 34363 30025 35008 16901 3321 36635 53499 22679 41909 72222 73325 55524 18071 86128 96488 76869 39502 73564 28676 55978 33810 7707 49197 36216 48689 89065 24774 73318 53730 57828 73161 6148 37105 23066 67719 70058 27316 7022 58544 93061 89948 93538 64438 54205 42334 14329 74591 74384 89858 74597 98560 98673 41081 46851 39706 47450 63458 78385 21210 81476 44678 59945 13826 79626 3417 10695 8111 81677 10986 91970 23285 13492 84724 48847 3933 36390 54133 79589 47471 75731 74206 80577 56832 66263 94290 89046 64508 29957 28130 34971 4899 98178 3966 60916 58945 26855 44191 46586 39879 25702 40143 85137 80994 7408 44709 27434 33357 31082 97550 66629 8951 39 10317 96539 96777 18972 56743 90228 23872 5771 87227 64505 64125 75094 13253 67516 84869 13137 92639 37881 58960 46154 77207 61494 3042 58446 84808 24422 38796 68264 10185 48195 50854 94184 98489 94908 96427 28840 39040 14520 70712 44922 53956 99170 4106 70899 53991 39793 75509 30152 30066 80520 38421 42737 53561 55289 62693 37787 1278 26435 
76 182
31811 49998 79912 8935 88147 27024 61786 53727 33882 30602 37570 33726 89234 68606 55842 4762 19295 99417 41111 9478 42580 86311 10219 58874 8738 77684 45117 9361 14313 3982 3072 61262 57894 4940 47538 53812 74486 41067 85724 40982 7448 28053 77157 94974 56467 70558 45134 6027 42016 94221 82204 18544 18566 40083 15127 15086 75571 78226 60361 23796 99805 19130 13864 81933 23139 83292 84521 79285 16037 21197 67527 90255 23374 75544 23896 33538 95272 55271 22819 23767 28846 62391 59845 87027 37864 12648 74670 93379 49496 71879 29182 73570 20172 87469 74418 81932 34823 47991 6133 88179 24146 5643 22598 70967 93939 30350 78493 16741 64855 18531 82807 88430 30373 64400 37692 85287 40719 93323 45284 9320 5313 62164 48078 77256 37050 95767 2468 70147 57816 21564 62362 44621 11903 58611 81177 79012 87360 44715 77060 79065 40159 40119 20936 27498 84273 32301 23769 34693 91892 1001 15833 61716 45144 50896 62668 51116 270 33167 14647 91462 89557 31450 49982 90779 91496 2898 82415 80168 61457 83077 89970 41389 6788 48744 23317 69758 41735 16008 32916 11333 46621 76610 
37 362
50583 66008 25835 35364 50289 91657 79063 65469 28313 74031 16246 74466 31615 49396 64920 56514 69225 63931 45039 47408 47401 87943 58089 90508 87757 21047 35604 54282 4560 94785 63988 52692 38825 76155 86552 18051 88771 97915 83605 57355 26680 12339 30108 82443 56937 84894 63402 88422 56645 56382 91327 64738 80911 59864 85811 22817 85569 89511 14493 84857 31280 58171 27587 92422 82456 96036 47066 66198 50961 88640 92756 41757 49948 4013 48108 58570 12479 82819 49184 25645 81137 15202 18989 14071 26138 57423 20776 35469 55337 36518 1903 89940 54548 22732 26548 4354 33623 30475 40497 96840 71328 95601 22759 58947 44900 90339 37100 34551 35610 96502 68743 81087 81050 60280 16869 98307 74866 27158 51696 10105 49750 24132 65032 22573 14189 94942 70548 5780 67938 61490 87541 30163 19014 4615 58476 56802 30763 36150 50575 50795 29389 43616 97978 33365 44288 66090 51527 58774 51712 57427 10025 75872 3640 55272 64070 98022 31535 87726 19114 69667 85108 7651 86317 91230 15486 24538 6199 4259 13419 5727 49169 41173 42158 3377 87548 17462 53625 88742 74920 33520 8170 31992 13983 25341 47237 10050 86272 32841 79647 2348 98046 97449 10870 49492 71588 87461 16336 2073 67428 53845 42998 40775 97485 48888 27692 94910 84100 58977 19399 21274 98780 35470 83723 49631 17761 56376 23759 35067 28305 93653 1072 82357 74524 38527 34343 10204 36636 86318 75709 23492 93078 26243 96264 55330 5432 4488 80 37336 19482 45413 6287 67666 20096 57061 16209 93566 3707 63104 59798 89089 19027 27066 87332 90336 45302 18079 2859 36394 6895 24587 56774 53948 48673 35542 66684 26925 54241 53429 70567 56914 24982 18030 14638 7561 81114 62616 84176 54466 84900 66132 71971 24949 71122 54533 86913 69547 80624 23228 50321 44252 91396 53201 52099 66866 93086 7373 87429 41189 91166 28384 85448 77535 19456 89800 87848 97638 54952 68893 83706 94154 94921 94751 7274 27682 68764 68159 42180 37995 91563 71197 30532 21599 24303 9766 18946 89045 94452 7145 17678 54006 54294 99521 56847 84460 3193 12140 42031 92062 47914 62231 55523 53789 11870 31053 45003 34039 97400 27099 73538 19886 83669 29203 85573 56849 51980 11095 84563 9948 24552 19066 50835 46613 
61 360
79777 95736 72762 59431 77811 76904 35036 73075 95790 22849 22310 689 95311 70812 35398 28809 70655 39157 15493 26317 75368 60332 59252 60305 55072 44957 87878 45945 50676 24031 56972 56642 46959 59299 69677 38562 98533 37330 15005 58298 2177 7009 84783 44839 55497 32628 99258 45942 10887 44808 78721 33554 47616 91776 97311 89144 41653 46413 25622 70631 7041 37384 41180 26736 20716 56342 2236 70190 50273 72097 39990 41607 69107 78728 27235 9348 14158 27683 87586 4836 58788 34358 6510 57672 36934 7184 65797 21166 46671 23520 7987 76560 11216 9043 73480 83096 38208 80735 23676 50167 63865 9652 59422 86495 44212 94731 11457 91830 65765 67208 69748 16623 34833 96085 77860 35284 16667 221 13697 98816 45396 23718 47837 96763 72274 4984 16895 53272 44413 91817 81459 97402 37159 22738 49378 6079 49325 32708 47868 80609 42577 20945 79322 2038 96625 22083 68823 62036 67607 27866 77920 21780 76427 64654 41854 93285 95501 9097 79470 39309 81490 52549 13735 25900 93205 76555 2372 53751 14342 32946 80330 44943 74511 48468 77956 23410 14439 7412 53249 53928 51325 26087 41993 62794 23702 74819 31599 98381 44515 9960 62735 28368 57685 47832 14385 67409 49872 93551 63625 95448 74390 48631 28271 826 4630 55458 85908 64035 84850 32225 82782 16654 53951 86349 9634 35356 75450 1451 28602 20847 72432 86155 6295 36139 75918 20108 70528 76305 83703 25269 21222 89726 40020 68738 16702 94508 49365 46403 58860 91644 39616 16063 63315 78843 38065 68755 90233 18262 19255 93927 39180 91514 71859 557 14025 38045 72238 28565 91519 71514 80360 26799 70718 85966 7962 8636 27773 58523 58888 48317 66190 36806 70249 50114 7546 83565 73390 72861 73795 91662 70782 93016 33861 18091 80377 9507 54120 65602 37306 3297 71737 7103 39570 71669 49342 54289 18776 47141 6010 66710 44193 5352 24481 79849 42499 81259 53174 35387 43110 17463 80115 62843 72702 52088 73104 67468 6808 77753 82246 77161 80970 17059 31866 87505 42187 84653 48712 30440 66532 48982 65944 22165 84960 47970 81643 12315 24473 45618 35683 18265 97558 4818 88193 49437 73700 27370 59682 66362 57670 62829 34582 16353 65023 39955 98345 57917 12986 31054 53637 25563 
59 358
11895 73532 87322 11117 48703 42690 86844 94120 87814 92322 45617 27717 54516 38144 27255 73672 39007 96893 90601 88461 89439 73490 15163 41800 82701 35499 40986 26510 19449 56052 96014 53002 11445 64084 21022 20122 75854 42674 25116 90047 71784 25431 29625 6393 5564 6492 68163 78606 66719 96193 94750 66619 61045 50222 84077 70751 61335 83355 91780 42884 59309 32191 99033 40602 70615 49196 30638 79760 96632 3148 15844 92317 53176 39748 66513 48377 26961 50750 6958 78182 97381 31659 19543 9165 77539 53528 2405 33805 24436 98936 75033 34262 97038 93513 66470 8555 94829 77898 64589 17447 8367 92711 85110 7783 80684 4849 70895 84899 52918 38127 94082 59062 26109 8138 12924 76471 84725 71081 17041 42125 42163 42492 98597 75711 60947 88332 88239 55029 11273 75906 46150 34003 36790 1624 53372 38978 54377 84756 91134 13080 30283 87348 22123 66019 27848 46293 6165 59420 29174 61315 13478 43034 95319 55460 31084 80166 44807 89690 17843 95940 5369 89774 99193 31336 9946 53247 914 28538 23179 96464 72609 86937 56964 46755 61879 63695 82751 22657 2443 15184 84560 93971 45892 12642 89422 44375 46863 2254 8581 50983 30088 81021 65249 47166 89248 63507 7547 24305 88904 597 80608 62190 64739 42831 19841 57317 8613 88504 37880 61493 52027 79404 26625 52266 15501 17659 596 65826 50498 88134 64335 4405 64094 89954 49489 9366 99392 69087 48507 65606 48832 90454 6735 49204 12130 54683 30234 63193 60582 24688 24772 86574 81936 93182 37935 67658 4019 66583 19315 50850 56727 51114 63491 34232 42516 87468 111 33662 21437 70231 21937 34017 55988 91921 16510 93386 15751 69805 10837 30810 9067 3008 48280 1683 13099 35245 3648 58271 50152 20930 95192 26784 93432 67774 30091 45765 32157 47830 35764 27280 60955 52967 12453 3043 12902 33219 80453 74798 73230 59157 91297 69071 36454 82870 58902 61121 55782 90170 57620 66329 94875 24559 89735 77501 7173 1273 58744 89182 26193 42470 23536 8846 39698 4618 51854 91455 42572 85960 24970 97599 32763 14237 14713 36175 22793 61438 73079 69911 93706 70915 60889 68133 83215 21892 27186 1125 43759 88824 93106 45478 90894 99642 37717 95070 97640 35285 18510 6650 
209 178
56274 74594 23766 29464 39957 34146 92751 55663 77998 88554 86616 59445 15873 75322 2422 31727 2984 88808 99004 8248 45077 50963 69999 4391 40398 95405 88360 67641 63183 88852 92953 53786 5223 75323 72777 39268 6493 1982 16582 43021 60805 95909 60765 13168 52507 19917 63515 84594 36925 79487 57945 70228 36162 34567 94339 45216 18949 45370 76856 51869 18579 42730 29525 38487 7917 28228 45721 93733 37070 97234 99961 69464 70275 73055 40571 71694 15403 56664 27975 6180 71473 82748 76048 37080 9384 2033 79580 85343 59000 65089 90316 19074 15417 74921 76136 39495 78706 73124 86039 85490 21996 5394 41509 87093 47507 81771 65391 6062 16805 54204 53486 4382 89660 47822 47771 7391 50057 98694 75684 796 60091 97851 21863 1424 10876 28072 5062 90060 97036 11360 92846 17464 89525 69440 53865 46219 35826 79988 50499 75245 55803 65694 11000 47576 56456 30290 61972 9635 1202 14301 74746 25061 69736 3535 36496 93996 44928 45381 67751 25793 87170 37415 46233 84574 58537 95574 48155 91676 43434 46275 84348 6919 79225 3109 48328 42195 37582 23623 
14 350
1968 51502 58155 92468 2938 98414 19019 43543 9458 73444 55925 24625 12177 74619 43779 26927 95454 49576 97696 41030 95458 63256 84153 72065 49379 23758 34797 18069 78629 72217 47959 42288 7921 16841 32644 22302 20268 18857 1932 87879 65062 81179 94230 21286 75463 73009 11990 91814 90399 23233 54065 86532 10910 61447 90912 2625 9684 71146 87647 35580 75088 83438 42697 75947 31658 5453 44847 85107 70565 7329 48305 74402 51709 19350 47396 17597 79791 8324 10111 4142 76609 21066 68409 7494 62804 88025 94606 56470 60846 46011 75879 27805 41422 87652 28950 62979 91649 74436 1920 66087 42305 67927 57773 14861 46386 14198 46980 8134 51080 76451 28025 33114 665 80308 30438 91002 94416 18012 94599 83585 1643 11120 7382 11408 93754 76897 932 92255 87911 18161 23312 21603 69955 27838 48561 75399 89729 13862 82916 29953 6875 36494 47453 3345 75207 3531 53654 47240 83139 20885 61250 43370 69252 31206 73800 95085 81158 12209 46881 84768 18881 84072 3514 85613 6060 97984 43241 2636 92913 67345 64971 21768 79283 19024 41117 83430 10857 5231 83418 50766 63230 17743 77024 2363 37632 88311 55883 34089 63629 34426 11674 60998 16565 3112 6108 81800 57127 78510 17850 31162 85436 26530 94046 55382 93413 12848 47387 97442 56561 26073 71783 32304 73513 10407 41233 54285 71722 11247 69919 39065 42097 6243 9596 91508 90441 77838 94822 33305 54578 22231 5417 80380 32396 7269 98911 47280 36710 54762 74532 48564 37925 12517 80469 26865 64719 5601 85983 4707 3835 18462 28804 30360 34011 68440 89090 70194 74694 31555 1987 50189 36066 41946 16149 37960 58331 91003 16881 76371 98466 52197 59559 5219 71155 21383 746 74785 56207 82653 93728 7431 6390 13167 77683 23810 65519 95669 29266 98994 59028 64741 5053 83481 82290 98280 28734 55805 99127 61163 4548 15094 61263 76221 49327 58053 8215 87853 14154 33835 29672 57497 12174 56378 49314 5889 76627 34359 16560 44853 28856 3322 1158 35799 93463 49085 33588 43360 5626 15631 899 94424 23891 80634 38662 31906 18909 14620 81772 98437 18808 74696 94927 77961 49818 7851 42047 82977 94868 81574 84013 60798 
117 173
69420 71817 31631 23999 39164 811 45638 68568 15575 78983 70289 60019 21682 75284 28564 76347 92713 1710 2228 87297 5837 54018 16381 94172 66207 46635 57429 33190 55888 4105 25419 59098 69571 84256 53314 76611 52219 84121 56841 46994 53781 30983 37806 26811 61940 34466 64132 3219 60353 81560 81763 59034 66654 27140 37566 4529 20499 51364 1280 46869 64389 60613 80914 49710 1622 76154 3040 89324 29064 37902 59254 88034 92002 21337 47444 97130 58066 5675 55643 15604 39508 6973 90691 68947 12095 54872 25086 79393 33891 88255 81938 59240 29311 37733 59897 13286 31777 1658 91719 56058 26631 46704 23459 55708 74413 18890 79053 47877 63703 99904 95406 21496 83975 85526 61103 58559 16879 95297 24456 75311 50834 19994 6459 34393 86079 58930 93972 32457 65761 96980 28554 85926 62168 77239 18050 66580 18705 48293 77388 31957 83630 7147 80721 8873 40247 1144 51302 62513 57711 41654 83310 20571 1207 77561 34624 13496 24684 10103 6094 69816 11404 81195 57757 72190 63057 15037 10404 71459 13679 56507 18600 90430 53087 
178 172
73877 85431 15516 3695 60432 54730 6246 16418 25255 24801 81449 5376 72608 50110 76333 90904 46060 14674 91466 17798 13498 82255 54094 1782 88817 65637 47690 84814 72941 564 51705 77613 38272 19305 39381 13977 50084 19801 38506 94795 69856 16187 9407 92044 33218 65559 44707 10885 16690 32226 5873 49959 90224 10281 35493 6321 47017 18581 29241 78446 29363 13148 34086 23446 66376 94936 64051 11952 2974 68706 22109 71009 96244 65598 80392 7247 88198 37215 78071 8056 429 90186 20422 9317 50043 92100 69908 59663 98402 78085 57109 21115 48529 67097 24273 9646 30134 37001 68029 91473 15525 57399 50505 53082 60351 54485 12746 89475 76394 59707 16585 80750 82385 52437 4538 91931 72171 62732 18549 9080 53108 20267 23500 35808 69967 85460 63897 23026 80389 61010 63753 64344 83934 41300 90773 48228 64352 29998 43409 22584 55227 20509 7744 24498 18578 55825 76731 8610 94177 63173 11741 40543 56490 33013 67975 3106 95969 45337 1333 46529 59103 91045 44132 25398 39454 75165 31703 58715 11195 54081 37486 35207 
142 170
28779 28101 45814 86319 54188 34230 87997 73971 12157 45425 46097 83453 35136 69584 63743 70846 46115 67499 26564 52762 31667 74742 37244 21500 86280 55130 25899 59405 33849 61671 83515 19651 37018 28912 20283 10383 18626 47639 44211 42939 36822 13691 21910 3981 95161 246 44572 97132 72787 60068 65711 40975 70032 44227 67854 11853 21735 33794 63929 18349 64194 2959 96253 95371 94497 51023 72354 97664 52560 99323 32347 70665 84504 4667 8620 1281 80651 3641 27411 15072 72248 91236 21837 67394 34843 26718 40315 32429 75874 98340 28164 87939 72595 30427 20130 93186 26069 91936 30146 19595 94740 88240 6683 25327 50931 62388 87524 75236 42076 1046 26179 50247 97516 41555 80151 66871 6304 24228 41394 65701 90545 80877 46392 70844 26581 24891 59900 8841 10117 47570 67859 23448 45422 39707 24158 38063 42206 93219 20211 83621 35836 56123 28107 62717 71780 49249 76022 83105 67190 35322 29803 71374 70627 83226 38772 17937 9790 23747 13247 98018 53977 54617 59388 59908 77085 20478 4346 79761 42310 67447 
8 162
81498 83340 8910 39123 80723 95679 54977 27148 36263 98639 1787 32146 19465 84529 26499 94549 15766 49133 9157 63072 71153 78220 29457 82842 59433 68293 42769 37171 80118 79418 76554 52227 7774 9358 64473 86758 65890 10745 3693 79125 49127 39985 62365 3046 17757 62671 62813 94495 31115 86507 54447 55297 24654 82835 80408 16081 14503 24328 21782 98198 60885 59667 49622 26497 46785 72437 78801 40713 23957 28406 97756 91434 39637 96462 44877 89828 12540 55920 79998 51206 60041 9192 76938 53897 31970 27513 7121 34812 10632 47436 80252 11034 53001 67581 687 10019 76266 94807 20778 81013 40848 46605 75049 51380 66380 21350 67853 66863 62654 2742 25518 43883 65109 3894 37185 56358 2026 69799 15956 91531 5972 71454 35713 90853 44366 11084 49375 77929 70189 62861 82245 80011 95522 94025 81099 69739 53275 36488 62373 18985 91517 15573 10279 74177 93859 56408 38785 91696 40651 27309 73619 33618 50464 59390 7919 73348 40123 71350 46463 65763 49088 60142 
64 160
34983 49970 6197 22981 37294 82611 83498 29594 3807 69157 6498 89945 60949 44993 43755 65180 97709 54106 26542 51518 36601 71433 532 44055 71509 16227 36572 27633 39658 17419 89686 76 89860 85668 79111 17721 91216 47623 8234 88190 78271 68591 38964 55712 64423 54010 669 15976 66696 51196 36233 2643 20796 29508 9627 67236 37366 90709 40604 3622 88840 50736 62701 89891 60372 86149 44927 18528 93599 18990 46378 29511 63955 67339 24842 46118 66017 7203 63286 12208 78707 75991 3889 93779 43481 85123 55466 80336 98062 23677 62415 80803 47502 38538 71504 67487 25937 78886 56987 60609 91687 76182 25380 98116 4252 75041 33521 44696 84489 98561 15691 15977 7574 18568 16937 83745 93860 78551 78694 5232 91528 4830 23963 84265 75303 24478 8332 84335 37281 4372 89909 9643 49933 27867 52487 10244 89543 43048 26869 89905 82679 45999 17543 67299 1397 90526 20023 60192 84395 36359 73435 85796 94436 97292 22261 96063 39602 24513 41820 65854 
52 156
80053 13249 67392 25435 92211 18155 97487 48021 2027 72902 51815 98943 29335 16631 54353 97974 77138 42706 14524 51308 47865 98867 72142 51390 36875 2490 889 20751 97355 50333 72092 96812 18256 78399 36958 36346 44429 11194 93884 90531 78217 94967 69896 47216 54467 88709 23353 2334 78628 78238 51856 38429 59124 47874 62519 80968 53550 21614 92394 85371 86184 15414 59117 76960 8960 93782 73718 69477 96739 11667 6047 77147 68185 23828 81829 39462 83967 85483 99661 36207 60682 94665 16206 47182 65990 73389 50467 64934 26517 34049 92628 70293 40406 60454 74771 93019 21248 98596 32655 39752 55302 21650 67102 55010 69193 55676 59024 2532 70073 92682 52496 20808 89386 84747 83186 50306 46361 94695 87425 21675 94174 14064 24885 2412 55967 90407 88357 50881 87328 14486 3223 76032 43300 33402 16824 16383 38157 44964 37315 98296 64575 71796 80749 50637 78341 61963 13940 27789 4086 71516 6488 56443 5737 55971 82025 42265 
100 310
48005 32338 65341 22726 17367 85770 76271 23968 12525 91112 39290 92602 98776 26199 94985 65616 98180 89200 45313 40500 22438 19783 54986 17224 15755 79208 48031 1029 82351 85833 65627 50500 51855 81291 38555 45335 85494 5145 42494 77108 28978 76671 50895 7337 2883 78832 43785 65713 51205 86921 94818 59229 34569 55356 40063 91896 58633 12696 70206 51647 74485 28695 62821 20039 75220 7718 71818 39013 95004 42659 66810 23392 84569 84825 57975 29473 94068 82155 65040 40263 86329 98105 103 13193 47910 27164 62572 78723 35137 43814 1208 94040 93837 92447 26756 47069 8471 35978 5860 74605 40552 10232 24477 84662 84595 13855 61167 35065 42078 61446 5116 58610 29827 96655 80831 7434 47515 7244 71944 37307 73763 81605 96413 28963 23198 17331 41660 68471 11831 61228 22409 62824 46282 73941 61948 82457 52835 88258 73561 57270 67652 5357 65524 13639 54295 73324 23604 91673 53175 91505 37490 88600 15655 8576 23440 93691 23345 83832 90672 55916 38083 48640 25566 22209 7266 92940 51900 18704 93993 13722 57776 44915 60274 22976 90563 36099 84515 30691 42463 86267 2954 12513 57597 30571 27188 39195 3451 31166 41992 37323 96571 27446 4264 7484 65792 46269 34004 13295 88292 89477 28119 20151 17435 55638 94137 35943 10027 51614 74055 63282 8228 48469 83261 28191 98703 76663 88825 72807 90890 85635 57852 83927 75850 84380 18666 32622 57373 37389 22502 278 97139 31109 1832 54609 39753 92365 41486 14388 28643 41889 73252 92186 81262 92884 72219 16160 65306 14401 18722 20291 88601 61960 31997 51523 82992 44158 25082 50484 92989 52812 13743 70116 54629 45090 43869 33736 3795 5242 48440 3668 65384 76014 18066 48540 4186 75948 8577 19962 68372 70232 7909 28767 55016 68592 29856 41506 61681 7539 79516 83088 88117 70732 93997 24003 36780 42418 12311 85759 94141 92309 37799 47679 84677 79233 24044 57375 39030 15870 79964 37577 
39 153
94988 94427 2400 22993 14619 54576 58487 11148 42338 9761 25844 41021 87971 18099 4231 66789 12199 85723 74129 31936 62803 97254 35216 52612 30952 42085 8604 4916 41598 91977 93337 60731 87211 3597 2734 4792 37676 55175 94227 69209 80424 98034 35249 33976 57105 22507 65069 13815 93131 89017 60800 45060 23075 65863 66432 34439 55513 65185 81396 2420 71085 26730 86230 50290 90982 12303 24428 49058 79471 67557 52642 97194 65105 59051 29493 73756 4144 26334 77608 95789 14058 12201 87015 83318 29104 50073 32594 68995 81586 7795 81824 24365 41797 32054 56801 79462 27250 662 75554 20785 65267 55077 1971 25044 13504 56434 39220 23648 89846 21950 20230 5392 87787 6926 14135 26796 75211 67182 81146 79913 53756 66925 86772 97860 67813 24454 54124 1923 18749 87478 57435 82703 39461 9741 69595 77657 72227 61032 86134 55768 48353 75212 91860 86055 21848 68951 52904 68198 21483 18073 72559 74180 57410 
27 304
11962 48688 40689 9444 11489 72891 40628 18210 55834 61488 2425 6556 13614 60881 48201 1387 52942 87437 31041 95971 71449 63945 72794 15275 60194 53221 8551 14915 21533 19912 65100 20142 71562 89356 3037 52098 6790 99898 50730 47310 15517 1477 51399 36395 12091 23675 39425 80607 3036 61839 96061 62938 47708 41375 52648 75837 20729 99182 70204 35985 38818 25093 54093 41306 41023 58666 57639 50588 80795 15063 71199 59904 75257 85359 20137 57566 87012 24246 43105 20955 7413 54030 42488 64910 93708 55397 52939 86971 94534 80367 32580 91082 75826 43685 99175 56680 81064 33138 11725 1792 89381 29054 32584 1189 1291 22303 82398 73940 82393 78359 7242 77855 20965 7392 128 13467 69499 55238 58829 49784 72289 83101 57758 14537 68573 56073 76130 80293 83888 10507 85414 50655 21995 59761 29509 13216 97817 92067 88038 94892 31782 52016 30727 69807 48232 78141 98723 70891 64446 69575 28648 21091 83048 57244 90806 84659 52619 68733 67554 68424 20007 95212 93619 78307 27896 95481 48122 54556 68106 96048 76199 79639 97537 85520 93025 7419 68265 54220 37148 48763 68772 52041 66109 83507 91932 31740 39742 89537 2698 15968 2722 25784 38530 3098 59784 44122 67492 98645 40922 28660 67840 89139 73527 75981 87246 46876 41675 45609 4765 89498 2064 43783 3553 13117 84963 33947 45051 55102 24341 73810 77867 96887 18505 62655 79892 52293 39386 80169 12982 84476 28287 14991 14085 11756 66081 45610 28624 6899 3898 4417 89552 43944 20157 16224 59037 43703 82545 70039 35236 24926 37508 66648 24996 19887 11626 42309 38710 53914 1509 48020 83271 60028 52726 73052 86786 6427 30407 15893 19563 33139 27555 27190 95061 7033 8991 73080 776 14227 82268 91132 1176 57382 86943 55798 7165 61436 37160 21634 84183 76004 26295 54591 52651 92227 3746 32528 38150 32221 48403 90383 17715 29025 85391 69329 
125 151
24274 23556 82267 99351 3270 1651 81000 46326 33164 19105 59263 60788 73405 9305 76183 82372 77474 61714 60799 6219 92888 3757 1925 28263 75385 12931 68574 4965 92141 28962 16186 14817 23575 69374 38232 86896 88144 42747 27026 72711 62017 25385 3007 46965 93059 56605 91126 97733 37647 77713 32389 44497 37223 11988 94835 58626 10707 11611 97325 90869 82340 11069 95910 96670 36940 8598 16342 47286 65465 10785 43699 91483 29215 93941 4310 14142 26362 86044 87648 2214 85629 88575 35883 85841 54 34658 31297 66474 94572 78227 29553 98232 28642 85165 31391 78660 19871 25476 21070 371 35160 14610 33151 61901 27168 72138 73585 32652 74114 14427 76475 19632 59835 26416 36070 24234 39449 17373 9248 46135 71948 51376 423 86540 6339 77622 46305 28966 11717 80885 56219 427 64281 19635 8883 89184 5806 27716 58901 46871 84180 54706 27452 83591 45172 50661 53757 29776 24802 77579 74919 
150 149
35187 50311 27753 52764 81102 86727 75108 99410 93518 57593 81803 12844 84163 60088 66235 43085 96721 17908 89663 87529 87807 61376 2291 19937 54292 83462 90774 29016 11320 65090 65396 21844 32647 26290 54393 27413 13690 90764 38151 38352 79687 38681 75575 5787 74624 57507 39952 31235 93305 49759 48658 68535 87664 51387 71995 42419 25845 78818 62109 13667 42838 90133 16136 36553 5695 46788 52151 392 6064 27840 72810 28818 61069 25309 96142 76000 58417 25897 66874 92137 56570 58897 19933 70016 41733 63336 51698 99087 29352 85662 6700 9636 89303 92752 69398 53748 77790 45116 54429 30552 30305 67818 74469 58695 99524 76400 79609 55521 18023 64545 1591 81209 7554 71525 23627 45243 61513 92192 91064 6685 57528 82010 25338 23163 79585 65580 85775 42472 23526 67149 40158 21018 76755 59377 2915 88666 8390 66240 42468 69656 4629 43336 52217 59432 3525 81714 71528 71741 67047 
30 143
17228 20834 67897 70543 74817 84019 60482 51566 2533 36743 53586 11460 99583 9443 74656 81945 38702 20228 62833 54480 53598 29647 73689 46922 87102 299 83731 45695 20059 80187 41755 51436 4633 17065 83824 60625 61485 88735 19569 21378 43642 282 43136 72946 98772 70486 32694 70006 81038 53556 88754 43334 97346 17427 71008 24182 73409 50693 41291 75623 81478 97660 7977 3469 41602 44608 10183 55463 41568 55773 1927 54274 8957 10182 72506 81901 47025 4030 21443 98306 60887 47909 18595 76589 79528 52782 52268 15861 64809 81778 34030 23913 22254 81257 34573 49216 50429 59140 53516 31834 36814 10372 30439 63018 82327 44414 80503 17053 16848 91843 33261 67733 85523 92437 35682 49811 56285 37326 29521 3723 81090 91906 46279 51066 1095 66937 68900 3004 89111 54257 66586 70003 58108 3152 89799 66689 79114 47419 50758 81111 68208 2836 50142 
87 284
90028 61192 13338 26373 98699 81491 21129 83558 92428 51683 76971 31066 2354 6115 66574 86479 9022 1460 41857 62042 24582 81512 38236 66330 2028 73969 99596 18872 26277 28748 58719 87251 54032 26377 9943 26785 61317 79318 39281 58254 6934 46923 98724 1151 26904 42628 23186 6341 18218 11584 40441 77578 80798 23426 62291 37222 77979 48984 21807 84522 99307 91007 10479 74709 96987 63325 81216 91670 7205 96410 60644 92812 80985 44995 83871 75498 31905 29148 83376 61597 30247 92609 66725 28844 99876 43035 14928 21752 17135 22980 3617 59926 14529 62372 4414 26162 1732 42150 21928 78371 8159 96688 24604 99933 65752 64892 40830 21104 4556 79093 45820 3489 45227 99288 88002 7222 61444 28244 24851 7370 49299 8781 51406 40692 47804 28971 38904 28250 79996 98818 82891 53538 3231 71939 80717 66007 4758 47184 92719 1888 46486 10854 27114 57701 56171 88716 62208 44643 71221 70494 58004 34377 13976 26857 78729 33049 49048 51715 94144 8531 65545 32850 61125 87698 45079 15681 92201 72503 42598 29405 25512 78650 27727 61242 77803 31747 95388 39132 64737 49725 70408 93035 40702 87363 90154 45595 18026 79281 56344 27586 46711 4645 51190 41976 65059 45159 76506 42461 9598 22968 64211 58872 11250 41191 44012 70416 51965 57123 88469 56911 90415 91900 13026 41567 42727 79705 94834 91286 20676 54715 21724 55660 16295 33949 41749 20314 81997 60849 71207 36773 81811 3869 95968 84269 8275 95859 41985 5305 33697 55206 46555 14768 45730 98286 46179 16146 23649 72089 68328 59825 42604 29220 5087 38781 60260 13916 51201 269 53031 38178 93789 54717 59625 15539 66692 23197 12441 12031 85153 58276 79918 53809 78105 12189 13355 2661 39735 20836 25091 77598 92235 13845 59125 41949 
157 282
33393 53608 39988 41326 66296 72788 48698 22957 53641 17964 96573 15582 34269 94692 35256 84686 91631 27481 52690 35388 30426 67896 34930 43862 57728 61516 79325 67229 2260 22798 22448 80526 19146 7665 22895 71127 83211 24380 44401 21859 54877 38321 17157 4393 4828 61590 80072 84795 3000 1209 81819 19723 79381 79672 44486 54590 27355 77783 61761 14543 97574 87169 60974 4799 14049 65527 42860 29059 64311 12047 23776 82315 19517 72441 19190 20889 35727 36153 62992 5414 22763 90208 28021 34678 96779 99053 88926 88399 71728 98564 79327 56299 84745 26986 33614 94999 96093 70857 38573 69763 26404 29757 60246 12171 85106 12602 17210 85657 76157 41436 48474 35177 59600 39456 24047 67393 65596 67030 59590 9023 16904 56324 27978 78822 15290 89146 9681 72592 15868 42080 92018 28911 91577 67748 6762 23601 35716 92262 83845 37181 34054 75183 34936 6472 81234 19450 72639 2242 61865 16078 24958 42556 91609 77502 23206 72332 32831 26814 13807 19274 92252 4381 90969 44246 91991 31321 92341 51230 4703 68342 29077 63611 34540 18404 77879 90169 27742 56407 15826 53944 52415 20898 14179 14278 23058 72520 27266 15921 87337 55183 60834 60667 11241 70517 52931 85277 31039 79742 62949 43886 94431 83439 12119 50650 33182 76857 22342 39035 66043 71346 80183 42485 80050 76060 61358 16950 51484 27441 71990 18032 41696 15571 14367 21674 62640 44532 74030 99479 78796 82460 86576 2834 30683 37104 24960 88897 30048 3932 75899 4500 53410 80198 20048 20043 87875 63645 52234 43435 87005 59230 6410 69991 51088 49150 25962 23953 90864 37513 41736 52250 12347 37558 92285 24219 52831 14305 83594 20660 69804 13217 87724 95780 44571 53348 43206 21961 88555 35057 3901 61375 73812 57547 
11 136
45863 94540 89912 55622 9292 9447 16192 74610 54478 30135 50268 68135 77427 65337 53447 65205 33656 70550 26035 39321 62738 51947 91163 32896 95002 12830 42114 55550 22172 95370 93060 22592 57442 95954 66759 99116 89340 2668 94426 33356 3496 31130 42869 88079 73792 60070 65300 4961 4757 42214 671 3349 80034 53399 57529 7123 53468 6727 4431 88218 1913 66501 769 87287 23275 71649 68595 17998 21297 19812 31685 76713 48350 82202 8180 2758 1432 42196 29596 26742 36667 64604 68927 50940 74430 98677 13610 85458 8405 19205 99272 27987 18772 87112 30217 50145 37238 43000 40650 80700 84939 49619 15532 24778 8927 8146 84251 54003 87124 74029 73750 83762 92889 30295 34986 7852 21057 61711 15055 152 94270 92112 16313 23577 37765 90967 72704 51583 25619 45623 22614 13464 83756 6636 11823 56837 
129 132
15803 84578 19056 54386 82900 6603 40991 5335 54265 82491 27005 75409 27244 98278 15481 61114 99535 3309 46376 15581 20428 17594 78072 4021 75561 60365 68221 59638 98519 70021 89354 68394 88170 70945 67827 36468 81550 93085 39722 65987 85706 54750 2300 34197 55006 271 61977 66086 24643 55726 34185 8137 13632 75524 55148 85915 79176 60146 3140 8702 26496 9501 26186 9369 86200 50510 48895 39962 74158 81870 27304 74896 96621 31482 36213 76306 73908 71998 92962 185 34019 92386 80575 45152 24189 60818 36680 56896 54532 90750 99963 87591 82734 94944 45394 16905 91210 56744 42733 52344 45766 78171 65386 63484 73694 65747 71810 46104 22843 25218 31194 6118 29816 75699 897 11942 40538 24703 6489 30277 90115 41310 13550 30649 76993 37458 61660 77796 63417 41036 62453 55329 
77 126
45506 72800 30094 65553 26683 73758 44768 65368 75251 85719 15085 130 63062 60095 13317 63684 46747 98156 56478 65366 96263 77585 51265 76223 76259 54691 38277 84551 47192 27410 68550 44116 18713 94661 22688 2462 33978 47594 95515 41443 54044 55766 79747 33250 37074 38174 88438 35262 71762 28811 54809 72935 11161 1069 96993 37031 44735 92883 75130 24948 92931 93293 60819 47846 1400 24977 5530 7683 78668 39172 7945 29326 22611 76119 74093 69222 50636 80107 85113 67780 7751 20354 78304 19596 77214 57083 47351 82152 35323 47797 33847 5108 10376 47136 11496 73622 52842 40142 27969 38541 86677 46399 71894 92041 19052 73241 86972 69593 21116 24993 12050 94369 10260 76186 92782 83431 55959 81943 42819 6370 84263 77524 38369 80843 75423 78051 
57 119
6419 27888 50507 93243 41945 81682 73766 90206 80708 98077 59610 79575 10158 27417 30944 24451 75415 56821 71394 93671 61389 34346 96246 77125 56913 85420 14726 43892 74318 79615 98914 41621 17290 18956 17358 90171 67552 436 3189 68138 68896 42011 63391 15341 41677 42106 1933 99681 52649 42361 7125 20125 47317 34845 89104 68452 95470 849 65574 30340 68652 76289 95505 11546 85388 74471 85872 40245 90433 2513 6361 65222 44759 89536 35082 37689 32172 68523 14201 38194 40900 21672 19187 10968 10767 74675 39532 63573 77497 2815 54562 57522 21288 3274 62174 23806 31756 14429 96151 82095 14913 50326 79347 94395 28500 88064 38373 28653 92559 91439 76240 76169 29806 96321 30026 55823 43888 78150 49266 
210 116
292 1859 44394 41228 98700 59762 80799 14593 85632 67 54666 11441 88894 92334 76892 94308 46511 7589 23297 28256 47824 14166 45043 33126 52810 18254 85931 23612 93542 42754 8458 338 25939 63511 55341 48880 23735 47984 2685 81610 4212 32170 8063 31177 19910 53962 53825 36917 74882 42836 37866 80285 35452 48634 46674 15383 24585 90619 22713 99831 53644 11909 33251 46778 70205 36605 86590 68154 71381 57177 25973 67884 52806 69038 94410 26818 2725 7995 73026 49143 13289 48818 85606 2188 91859 28488 31313 46823 29088 94621 29595 96315 41408 49860 2549 2837 92406 56824 51765 38729 20182 453 50560 46391 10976 22637 48460 52037 89485 12610 22383 42597 35282 73682 26492 19898 
205 113
75062 27332 90949 99207 27680 30000 11199 37665 82273 26432 65972 87038 49689 16635 81020 3283 92844 10086 87738 89312 1922 2222 683 80560 47294 78965 87257 65853 89563 76356 64752 9143 98824 91117 88415 73562 6832 3019 38102 39535 18040 79605 10888 5152 45068 25994 16027 97713 32443 66135 13741 5858 25603 42970 25230 88811 17244 18758 41019 76748 77816 37324 30235 55747 32870 25980 3137 26040 4922 49397 60526 44202 68669 96822 27336 67934 58238 27150 30867 90470 79944 28910 96846 98628 12323 96566 29555 90527 16310 46925 80234 81526 44999 92061 51052 91618 54531 6807 71868 53377 78478 24416 87092 18240 50170 14136 62656 66313 48454 69188 84539 25155 88279 
90 107
32108 88996 21595 6358 88769 56212 49386 31716 16127 55955 60757 20508 78188 81295 25422 19821 79021 45984 93832 2393 1247 17583 6614 60267 88301 71323 48038 77369 1605 4517 366 69697 67288 68857 9467 48071 42979 92337 8601 3434 24705 3379 95792 32669 26019 44013 99738 91417 70164 24847 21673 49879 70157 55938 91012 53333 60485 17420 38954 12449 38861 1375 31899 21148 2369 37927 1169 36892 85727 89568 73531 93482 90141 45228 44395 63139 62921 77226 30112 389 39512 3258 57434 64399 63033 30601 49335 46479 46362 37019 17198 27361 15738 50773 23257 1403 15411 34603 11800 19982 50784 55577 30939 11366 6948 98805 91648 
54 103
25216 63529 88113 43686 67092 77830 71931 91746 48109 54016 57526 86010 35608 23731 46222 11019 507 75936 40162 34568 57091 65551 18818 98732 77552 87174 41134 33179 30870 15699 5867 89850 4931 27520 2485 41238 55748 9137 8553 28155 72574 48801 65216 45236 3313 85315 85691 23882 69168 62022 72390 75392 32864 75191 54209 818 25124 59133 11054 23468 42157 57104 71357 87975 884 90168 92590 50832 76847 7286 25259 27138 84355 21826 37894 88947 31628 4963 90419 71128 44796 23193 79570 2029 55821 46933 13234 70715 27322 30639 87766 57347 29347 21456 94630 41499 30784 63437 55074 56930 21643 97025 74543 
270 102
82414 21589 86761 97077 70955 87259 88508 73950 38132 47755 9846 68461 33983 57718 68598 47881 52249 42197 69396 29239 81581 53921 2450 82260 33564 95589 29984 20035 84154 18925 1112 71376 82212 6590 35430 14534 75256 23378 24020 5577 60531 51005 91599 82629 67377 62173 43541 72693 18182 14917 19899 20583 93250 79415 17385 84731 54773 50135 88576 6720 15567 70680 91753 45962 65667 81904 98082 94115 17930 59795 979 74174 61249 94356 86712 49597 66690 78547 82347 22725 25778 43867 4247 71069 70139 52014 10915 98944 27055 61362 73977 74802 41642 13143 85103 33360 64296 99377 75873 17993 72631 70789 
99 96
68692 99864 86168 80328 96092 61757 9003 43262 49080 38493 11039 26703 24138 68420 32252 85057 15734 98784 90281 86360 99244 99854 5655 22816 76712 33111 52715 70832 94458 61654 31520 52724 92540 6464 377 94325 18314 89981 36923 27344 78148 40875 38766 61410 42434 31415 4063 31545 88351 86351 92667 78817 94707 85959 19418 37111 5566 61128 44365 67462 11310 62009 78069 58934 9597 30995 25752 97348 42249 62057 65253 49812 23562 47427 41505 85406 24579 42740 2683 96733 84370 60418 1364 86654 97336 22472 26326 53041 9592 10659 47271 94880 89629 2561 9011 68139 
148 188
37681 38323 34556 53614 75777 23857 85029 56469 66752 84813 67773 54310 51049 11430 29987 93946 67500 96750 61710 28149 64096 7498 45936 75111 66539 31867 25336 85305 15858 20701 52664 71477 35887 88748 30941 31879 90796 83257 12544 29197 54937 61618 22141 25001 23261 53292 68383 13164 60762 39064 44833 1935 46213 34545 6074 89911 89518 62543 6401 87213 49545 65333 34561 14636 72012 31397 83168 23737 33458 63060 97298 35260 84015 16065 34751 15112 493 22653 84637 95672 40537 56947 74457 26487 49177 11380 20614 94224 92575 286 87371 9723 38795 74981 2355 54405 99169 61891 22413 1007 71247 1383 23989 23560 54987 53806 21880 88331 31596 41987 88371 49795 6210 35504 77489 1428 55091 86366 50829 84898 22374 69714 2571 73368 26361 42183 81908 19946 51983 38442 18366 7182 35708 24889 83113 40360 46163 95506 28229 20032 75910 45666 21036 17319 64602 18703 38303 79265 70998 50066 46117 93460 43284 15609 30311 37167 99255 80197 69979 86639 72399 99889 47558 53868 15552 4194 10205 21192 76579 49517 42538 12301 60064 40150 24497 12965 73468 4695 14671 49815 16868 47257 56458 3767 29673 26423 27827 79664 
51 89
20324 20253 10571 88708 86350 69112 73900 15241 11374 55259 64092 4094 67923 65303 35090 83389 61872 89097 89080 66134 53737 67713 53332 99925 496 76055 13058 84547 77289 84835 10619 39444 13066 24072 25680 1096 77012 62110 98035 99816 45133 86355 57924 59565 56213 94842 32452 85529 98754 52896 95717 43722 35135 16882 16263 44553 8002 76939 48850 4897 91274 69395 48742 2497 12096 14995 98507 75637 23150 99262 85272 45806 9542 58404 1648 9895 7061 94180 84909 70527 62385 56751 68821 21063 24779 41230 51348 48628 83688 
216 86
42834 92358 65336 11704 77945 75380 78066 4798 52140 57275 36696 70461 58755 43100 59396 48238 94633 89713 23925 47003 9679 48999 60906 25772 90666 21685 83078 83014 90009 15934 66709 55396 70896 29296 7171 22693 2977 90250 9402 98328 14043 1528 33894 13483 92099 16359 57098 72398 76465 17487 72424 45463 75166 6196 20339 47067 95656 3928 47887 40365 3208 66143 58046 16029 25315 56501 20269 18508 81552 56665 25396 90926 47678 69241 90959 33411 20463 48392 94735 69049 45430 71832 18089 17974 88962 43959 
241 85
72093 82496 35347 22941 3902 42981 9809 32777 60886 79135 4621 83740 83202 66120 4480 28158 32632 83956 35942 89836 74719 29651 50079 64217 93785 86853 65211 35317 82379 92527 36951 51537 86505 60911 21240 91111 71215 82989 85177 92089 59714 57499 98438 88316 49632 98140 33612 79946 47675 37122 88641 93707 9421 80296 25483 11076 68675 15886 89239 47178 22072 39584 99989 76196 88305 65812 46779 65535 76735 36742 94723 66551 66498 14032 65304 24098 70858 85303 93142 35007 72654 74345 99165 87696 78811 
143 81
27711 63551 2788 87866 17387 48271 98420 37957 19170 44525 61793 14689 84293 78082 15242 20704 4112 94051 16256 1010 40921 58843 88225 33363 1353 78158 90907 57136 79930 78032 17066 79644 75300 94812 71133 94799 19179 34237 14943 97034 44076 83663 68143 87838 86562 29345 17107 62798 18103 61448 64915 3689 42653 33701 90151 84792 84388 84580 21495 91819 20367 76226 45480 78901 15664 62746 23049 69201 10708 21534 55214 57863 52489 32353 56261 75171 80272 98504 40047 67812 88992 
45 158
50023 56446 72008 83130 99744 16054 64657 23132 88039 67618 65503 93267 72111 57264 3706 85407 12925 50307 68343 59356 7781 95292 89657 50553 61646 35393 36227 14608 43596 48061 27406 83262 83524 89727 74940 61595 68351 64977 93964 71956 39159 38820 72849 14787 71055 2487 7074 59022 99080 17325 74943 31657 10557 87448 50958 88777 27828 14863 24583 63192 26172 52312 16341 64485 26225 31505 59054 35085 20984 71048 56578 78420 51490 18834 76212 59662 59451 26375 68297 21580 40126 10007 4489 73085 32460 36275 14188 87916 39657 98503 71411 89006 40374 13301 16567 32792 69885 33625 16939 93851 57631 38401 53317 52654 87309 71951 89853 96979 61330 26620 41630 92203 95052 51701 92214 41896 96485 625 88638 8563 16822 40074 44675 23062 61326 38217 59126 81058 9452 6588 89624 50775 86826 93745 64659 54835 16551 31018 16524 63465 44804 9829 1101 98998 15495 53454 3758 25300 6740 33821 16782 57281 26837 56989 92115 41400 35696 30446 
268 77
30575 97793 97134 53043 82880 33763 31980 1063 70101 631 42978 92022 33936 87327 63215 52338 49761 93868 42367 48254 51001 83472 99534 3162 77148 36515 34605 50003 48810 77287 66102 85875 22219 45953 32246 82750 41202 50987 75887 4048 24117 7191 66154 58068 14781 41475 90311 41471 47291 70746 17087 12292 91980 68421 28606 42229 79974 53269 37305 55456 77532 73267 38613 14271 96072 61418 10834 49380 15712 13208 78378 53804 22030 90974 27456 24537 164 
121 75
16102 52832 11463 21344 90515 81187 8480 17819 48 93617 57031 2892 54358 14358 39728 38811 52758 36506 36505 77943 77884 17607 95698 10498 31057 89711 4052 9785 95261 47278 8277 15010 88142 44195 86187 18000 15004 24527 13098 70854 32719 31987 89157 81518 70481 21165 51485 83207 80356 59155 45754 64413 49644 38105 84512 42027 31769 28165 63031 64325 59709 81575 90360 30563 13562 94457 55038 94209 95944 68349 17647 53593 22388 89553 24590 
21 146
63175 90995 27488 88989 66247 8796 23791 78154 79214 70596 81066 34691 26677 11193 92674 59896 74854 93343 90824 71370 20207 92999 37701 11337 90943 43956 96417 4416 45592 20824 77218 59691 10676 66387 52028 34129 39702 83485 49258 46939 92168 5006 92058 17236 21280 94069 55831 50460 93796 76677 69990 92742 81896 99692 77397 22307 49916 77537 80326 66644 12136 36135 39325 40890 46246 2720 52359 97738 76606 21223 82344 10263 68085 41346 13321 22343 4219 68562 62828 8107 23655 91218 54054 23396 30644 80597 62922 47930 30487 6117 27585 63615 18135 30855 73730 63938 44596 3337 8747 2051 62839 61863 59246 81319 42165 37688 4058 29198 10624 31548 60502 20251 7501 83672 13390 1547 82199 23915 65951 57915 48205 922 77201 28138 51209 22090 39541 53154 84149 62329 30104 4919 60909 31974 31083 22216 72811 93353 11258 14935 55621 47030 59720 69847 759 58086 
154 70
52638 48614 11226 2410 72627 61912 46726 64329 90287 89058 11282 35126 28922 42859 63771 31577 38676 86535 57122 49418 20876 30502 2325 51200 57374 95434 66864 83319 71224 25668 40336 29290 85302 10853 66560 10287 16806 31317 65766 34067 23586 87873 49505 38928 17022 92425 32302 97976 52392 51873 58196 25106 94212 76624 27815 20301 27609 44753 61492 47134 69132 11793 13780 5697 75698 24218 58890 15233 59777 83648 
82 138
9965 35839 70156 1848 20668 73030 88665 76430 57333 76268 59437 91410 73714 24571 6420 63804 32539 1458 70907 67820 77083 81450 62171 89648 34537 21998 13367 39969 91355 78104 74244 18699 33418 1282 70707 31292 10262 84319 53094 33823 19761 74592 11370 29433 11064 45634 58566 90216 57226 27270 91552 57780 69297 82392 77399 71738 65730 87737 15908 93366 39591 59643 14854 97380 33262 45565 17160 6773 71343 73346 71111 37464 31055 87438 38835 63801 76343 10802 53693 11287 87595 38877 91349 85604 83151 7062 51603 21316 13241 42615 7745 9642 41626 87146 61079 32711 97857 94922 41916 32256 83224 42102 77823 32000 13668 5634 37020 63764 51149 1755 90857 10486 56149 9480 8556 27365 87030 8716 36712 1694 76540 35704 55436 48819 11552 90555 28888 96783 19244 67293 78162 28038 18759 23527 42883 14186 37650 26100 
68 64
36492 65412 6157 82017 66401 37454 10911 54129 51079 85733 45423 86964 56178 41274 60942 7956 48062 47138 36660 87745 82028 65152 80820 12297 96527 50607 17453 69123 40475 14734 83653 10809 65354 51991 10140 77720 16687 87769 22719 74054 49758 20449 41643 23551 14164 36133 74305 28654 34931 72974 24354 93913 89329 32778 7660 48620 80643 97920 71385 15675 34133 93740 52733 69379 
191 63
24983 72377 89654 24308 97903 20942 74042 78572 37262 75833 72068 76598 44131 69937 34497 75956 8252 38018 19043 5253 37569 7525 68206 69975 20754 16150 4576 49241 12165 28584 32940 12450 9195 633 21191 8007 36740 73761 44824 17836 52192 64771 26772 36611 90758 26197 26098 29692 52186 66291 97096 67330 81628 88479 49411 9672 28644 57877 38801 74598 50902 62914 71339 
343 62
552 30252 26108 89128 81869 40411 24908 38463 6533 96922 89702 58706 36377 25651 53981 17610 3893 95162 85747 15331 87545 44857 46157 31047 34498 11215 85319 27746 62016 31570 28581 28160 52149 4192 67839 25781 62186 79714 19650 29056 24276 75559 6583 56370 49056 50427 94870 59219 16276 47844 29995 16404 30006 7056 48196 74671 60241 57951 34306 78925 3406 28183 
0 122
3951 53602 53941 48814 45358 28604 11007 35444 25170 87833 1177 62860 27615 35319 89805 70381 81264 86920 20380 54810 5683 94267 4731 72715 65856 86242 77669 89610 11917 34608 46257 17983 99650 80160 54534 34505 84991 18369 75458 65316 3342 35983 95567 34541 38494 20438 67555 99630 96897 93817 8024 28322 71846 45572 42800 99567 19369 29655 10284 14769 52090 59703 54633 96284 6093 85982 20886 40455 8930 86227 52050 13782 71589 21671 52583 35512 6600 88953 1734 62436 80909 45680 64658 2500 37116 93968 74985 41060 74784 35661 41289 37567 693 77763 38069 23954 42126 89917 9027 50317 93442 30262 73467 50872 42332 6580 44616 32366 69055 50047 7292 42557 85336 23462 12286 5610 42234 97495 92963 26528 986 38677 
43 114
40220 79903 68656 42480 51435 74525 8315 38260 11111 11678 26726 48395 23843 55477 28521 36425 93412 67826 50548 44003 3609 86813 302 6595 70792 53273 59319 70529 96574 43582 8543 79482 11912 80062 50228 87009 64087 48795 10766 83395 16517 46320 44389 61024 77327 95051 74549 16638 6952 2388 43903 77140 52188 24266 96136 10653 63935 61744 2793 83673 13160 77360 98941 3867 75789 76662 33355 61006 99666 42886 61830 69010 23608 68660 56265 42726 17621 8847 77906 32307 82887 17910 26422 18732 31142 16321 80604 70291 82717 27422 80133 57615 85989 33933 19264 16107 4278 60394 39399 76422 78322 75755 68491 8417 73960 51530 68974 76777 86139 41931 21518 88650 90754 69629 
387 56
45696 59137 28634 33559 88981 41487 32382 61280 10149 1529 55176 43247 83039 44795 57144 1811 55553 78404 58989 90251 44327 28213 12312 38870 12950 21810 29478 90025 62991 72052 44151 41495 82601 10085 63085 86513 88692 72263 89402 10096 89272 41148 99865 40694 71753 82192 35946 24819 23403 83346 31768 72557 13848 45965 72766 76381 
335 54
21064 7306 2295 90184 89473 98295 8950 17177 37897 31618 87404 63011 12028 71037 59710 56720 92459 35737 34847 59027 92275 89053 32714 33003 83858 2373 78601 41338 63265 74011 68371 59907 72115 34079 7724 76850 58402 54563 21923 11030 43458 77914 6400 44625 34015 14009 6523 31670 65101 27471 55923 97312 40953 70378 
69 106
14377 10021 61213 99874 27360 11379 95379 65239 98194 72826 93990 48970 88566 64077 24 63533 45273 67312 84969 66981 9903 92787 29638 62225 5226 87362 82285 63811 10082 41082 69086 89937 75527 44470 45756 43552 11707 82183 98110 9267 10848 16495 16628 16386 57143 63823 62845 64542 8297 71090 93273 49683 43489 85570 50600 83132 98606 62607 91269 76011 60959 31327 69441 58237 26157 21174 82174 64577 36980 53458 79917 80832 86585 43026 9491 74060 74699 26171 2288 57319 10579 61082 43032 67706 66128 72690 66234 12607 28570 99586 44041 59542 66000 32198 68392 71561 81707 64037 14441 15607 1236 59075 25878 56874 95452 51930 
350 52
77973 90852 48068 43339 17524 23282 32945 48860 78195 21429 5817 36075 18196 13870 48709 46545 65681 21631 76780 8124 33258 97000 58542 99792 57054 1464 60922 61469 56119 97155 57644 47634 97170 741 5083 69328 94998 12932 98959 42826 72041 56237 96564 40566 80853 20598 59029 86697 91772 85246 97882 47290 
197 50
32316 12999 64216 97610 96375 56747 2996 34670 95428 69783 78936 91453 29698 40796 35026 15901 61172 70086 35122 50634 42378 35940 6863 7714 33152 41064 45505 96768 55899 19424 83238 7328 13670 64102 98230 65227 57810 13196 9316 60090 18876 57577 46482 7980 30456 82078 80710 78842 31783 5094 
131 44
65599 93908 5177 48396 7875 23171 10793 36170 87860 58707 92781 10715 21659 10063 47540 2714 92449 30227 28216 64710 82999 56991 85755 60111 17269 84434 84775 18402 19035 13138 75247 65592 8784 98347 99422 34051 67292 24971 21420 42844 8990 53597 82683 83754 
104 82
36476 76722 48567 74715 93318 43172 30359 72748 37151 50855 67476 46587 25066 53033 93843 19132 98693 3503 92676 79309 11655 90499 89061 85765 5868 20696 13178 18614 44548 99 54838 44424 12306 15115 4179 60143 35185 14733 50935 99777 7064 59813 55710 30519 29513 77113 45368 84135 9759 33813 69149 92596 40771 62573 58609 7790 33969 53992 11466 36547 18145 3658 63481 16422 22630 51668 50998 92914 45343 417 80476 4402 86294 33941 59724 55628 79371 88888 10944 21981 14758 6245 
19 34
55807 87804 68672 77568 49777 32674 95273 95440 90738 58792 76593 43439 87898 60037 24792 31553 97261 66779 42987 52677 99663 16584 99751 25256 67725 27713 46611 18631 20669 17045 78143 10914 65079 20680 
105 64
90938 66755 11613 37992 26550 49579 75843 54792 15802 72864 57980 72043 97384 46500 92671 94754 25925 32030 90166 54334 71476 92307 2614 57190 70122 9522 41329 73042 51801 1826 56069 1320 1294 88510 65939 95577 26353 89441 94485 38092 82753 18010 90640 39285 35466 72990 35158 24437 43485 94570 85387 91143 50780 37908 12710 91586 71274 3222 33692 33679 58109 3853 9610 9354 
266 29
45622 69364 47363 87610 46424 50267 97703 68971 7526 62331 95381 20286 86104 6076 44031 59414 28182 93905 24986 9988 44684 95217 55850 72032 65459 81352 87786 34176 48272 
237 26
89328 61013 24862 45296 8287 44679 76443 14655 7586 37469 12992 34925 11172 70879 68570 99531 50203 66529 83620 96401 39493 1314 66613 80177 99516 49202 
73 18
67080 29330 35488 79703 59150 24374 1661 16770 32407 99485 32802 54707 69096 68288 59793 14512 79350 62184 
158 34
10580 86371 34854 13828 84417 4977 57946 87523 26397 71260 75825 3647 93446 6902 77748 66424 69541 78396 1741 77555 36168 82652 60481 36447 59812 52940 25581 59983 26858 92268 46776 23340 33177 3968 
155 15
32626 17965 75075 41120 41612 23165 26143 17584 34791 21461 61664 97871 45886 99690 18342 
495 14
24131 86434 56210 93172 57775 36164 27837 97466 80211 35432 32858 87483 95410 29447 
476 13
81594 16566 45573 39332 34967 50817 11057 9063 12266 28393 12470 63827 82521 
359 11
1395 80385 69099 45851 59957 50194 29212 70490 80446 34465 26207 
62 18
77091 19692 47432 38282 75951 16760 68008 44350 60801 93278 30327 63697 45774 69277 21133 5739 99995 45748 
314 6
47585 28539 57301 90915 73729 60487 
478 5
48241 54764 55590 49191 94364 
366 4
89643 79700 44200 78011 
597 3
22373 86330 77254 
594 2
24856 95675 
491 1
31676 
