3
1000 1000 1000 
3000
0 0 
1 0 
2 0 
3 0 
4 0 
5 0 
6 0 
7 0 
8 0 
9 0 
10 0 
11 0 
12 0 
13 0 
14 0 
15 0 
16 0 
17 0 
18 0 
19 0 
20 0 
21 0 
22 0 
23 0 
24 0 
25 0 
26 0 
27 0 
28 0 
29 0 
30 0 
31 0 
32 0 
33 0 
34 0 
35 0 
36 0 
37 0 
38 0 
39 0 
40 0 
41 0 
42 0 
43 0 
44 0 
45 0 
46 0 
47 0 
48 0 
49 0 
50 0 
51 0 
52 0 
53 0 
54 0 
55 0 
56 0 
57 0 
58 0 
59 0 
60 0 
61 0 
62 0 
63 0 
64 0 
65 0 
66 0 
67 0 
68 0 
69 0 
70 0 
71 0 
72 0 
73 0 
74 0 
75 0 
76 0 
77 0 
78 0 
79 0 
80 0 
81 0 
82 0 
83 0 
84 0 
85 0 
86 0 
87 0 
88 0 
89 0 
90 0 
91 0 
92 0 
93 0 
94 0 
95 0 
96 0 
97 0 
98 0 
99 0 
100 0 
101 0 
102 0 
103 0 
104 0 
105 0 
106 0 
107 0 
108 0 
109 0 
110 0 
111 0 
112 0 
113 0 
114 0 
115 0 
116 0 
117 0 
118 0 
119 0 
120 0 
121 0 
122 0 
123 0 
124 0 
125 0 
126 0 
127 0 
128 0 
129 0 
130 0 
131 0 
132 0 
133 0 
134 0 
135 0 
136 0 
137 0 
138 0 
139 0 
140 0 
141 0 
142 0 
143 0 
144 0 
145 0 
146 0 
147 0 
148 0 
149 0 
150 0 
151 0 
152 0 
153 0 
154 0 
155 0 
156 0 
157 0 
158 0 
159 0 
160 0 
161 0 
162 0 
163 0 
164 0 
165 0 
166 2 0 93 
167 2 147 0 
168 2 1 50 
169 2 70 1 
170 2 1 103 
171 2 126 1 
172 2 136 1 
173 2 12 2 
174 2 2 22 
175 2 35 2 
176 2 2 66 
177 2 2 92 
178 2 105 2 
179 2 137 2 
180 2 148 2 
181 2 12 3 
182 2 35 3 
183 2 43 3 
184 2 80 3 
185 2 103 3 
186 2 4 29 
187 2 51 4 
188 2 119 4 
189 2 4 134 
190 2 5 39 
191 2 94 5 
192 2 119 5 
193 2 157 5 
194 2 158 5 
195 2 165 5 
196 2 6 85 
197 2 148 6 
198 2 22 7 
199 2 25 7 
200 2 44 7 
201 2 75 7 
202 2 82 7 
203 2 101 7 
204 2 105 7 
205 2 129 7 
206 2 132 7 
207 2 158 7 
208 2 2 8 
209 2 39 8 
210 2 88 8 
211 2 109 8 
212 2 128 8 
213 2 20 9 
214 2 43 9 
215 2 74 9 
216 2 115 9 
217 2 0 10 
218 2 10 19 
219 2 30 10 
220 2 34 10 
221 2 137 10 
222 2 10 141 
223 2 21 11 
224 2 11 29 
225 2 11 51 
226 2 11 52 
227 2 94 11 
228 2 12 128 
229 2 148 12 
230 2 13 8 
231 2 40 13 
232 2 13 72 
233 2 118 13 
234 2 124 13 
235 2 13 131 
236 2 13 154 
237 2 14 3 
238 2 101 14 
239 2 109 14 
240 2 113 14 
241 2 139 14 
242 2 14 142 
243 2 5 15 
244 2 44 15 
245 2 88 15 
246 2 103 15 
247 2 15 111 
248 2 137 15 
249 2 15 151 
250 2 16 120 
251 2 35 17 
252 2 94 17 
253 2 117 17 
254 2 126 17 
255 2 17 131 
256 2 17 153 
257 2 78 18 
258 2 114 18 
259 2 116 18 
260 2 9 19 
261 2 30 19 
262 2 108 19 
263 2 109 19 
264 2 111 19 
265 2 120 19 
266 1 20 
267 2 20 23 
268 2 126 20 
269 2 147 20 
270 2 21 11 
271 2 21 13 
272 2 97 21 
273 2 22 56 
274 2 22 83 
275 2 116 22 
276 2 22 158 
277 2 23 27 
278 2 23 73 
279 2 23 77 
280 2 81 23 
281 2 23 83 
282 2 115 23 
283 2 23 123 
284 2 129 23 
285 2 23 130 
286 2 24 28 
287 2 44 24 
288 2 24 56 
289 2 24 91 
290 2 17 26 
291 2 61 26 
292 2 96 26 
293 2 117 26 
294 2 10 27 
295 2 32 27 
296 2 44 27 
297 2 108 27 
298 2 146 27 
299 2 0 28 
300 2 28 49 
301 2 28 67 
302 2 28 84 
303 2 46 30 
304 2 126 30 
305 2 2 31 
306 2 31 47 
307 2 32 0 
308 2 32 62 
309 2 32 78 
310 2 32 160 
311 2 33 31 
312 2 59 33 
313 2 33 83 
314 2 34 78 
315 2 34 121 
316 2 34 133 
317 2 34 148 
318 2 35 38 
319 2 35 48 
320 2 35 62 
321 2 35 64 
322 2 35 142 
323 2 35 156 
324 2 58 36 
325 2 70 36 
326 2 36 163 
327 2 15 37 
328 2 40 37 
329 2 57 37 
330 2 81 37 
331 2 148 37 
332 2 51 38 
333 2 38 83 
334 2 118 38 
335 2 38 143 
336 2 23 39 
337 1 39 
338 2 78 39 
339 2 79 39 
340 2 39 93 
341 2 114 39 
342 2 151 39 
343 2 154 39 
344 2 40 49 
345 2 98 40 
346 2 40 154 
347 2 40 155 
348 2 21 41 
349 2 22 41 
350 2 58 41 
351 2 41 78 
352 2 82 41 
353 2 41 133 
354 2 42 6 
355 2 42 164 
356 2 43 15 
357 2 43 66 
358 2 43 121 
359 2 43 126 
360 2 43 152 
361 2 43 165 
362 2 44 61 
363 2 44 165 
364 2 45 121 
365 2 45 123 
366 2 148 45 
367 2 136 46 
368 2 46 154 
369 2 29 47 
370 2 47 39 
371 2 47 83 
372 2 97 47 
373 2 102 47 
374 2 147 47 
375 2 160 47 
376 2 58 48 
377 2 48 68 
378 2 90 48 
379 2 110 48 
380 2 153 48 
381 2 40 49 
382 2 89 49 
383 2 50 48 
384 2 81 50 
385 2 89 50 
386 2 114 50 
387 2 117 50 
388 2 50 145 
389 2 59 51 
390 2 95 51 
391 2 118 51 
392 2 52 37 
393 2 42 52 
394 2 115 52 
395 2 53 39 
396 2 59 53 
397 2 82 53 
398 2 99 53 
399 2 53 134 
400 2 147 53 
401 2 53 163 
402 2 16 54 
403 2 37 54 
404 2 101 54 
405 2 150 54 
406 2 81 55 
407 2 110 55 
408 2 156 55 
409 2 4 56 
410 2 56 37 
411 2 56 55 
412 2 60 56 
413 2 56 150 
414 2 57 72 
415 2 105 57 
416 2 156 57 
417 2 58 27 
418 2 58 56 
419 2 127 58 
420 2 59 90 
421 2 60 36 
422 2 60 63 
423 2 114 60 
424 2 60 131 
425 2 60 165 
426 2 20 61 
427 2 44 61 
428 2 61 75 
429 2 125 61 
430 2 61 150 
431 2 41 62 
432 2 109 62 
433 2 63 123 
434 2 130 63 
435 2 63 142 
436 2 147 63 
437 2 63 150 
438 2 158 63 
439 2 64 49 
440 2 87 64 
441 2 102 64 
442 2 126 64 
443 2 130 64 
444 2 64 133 
445 2 140 64 
446 2 17 65 
447 2 122 65 
448 2 139 65 
449 2 141 65 
450 2 21 66 
451 2 22 66 
452 2 158 66 
453 2 164 66 
454 2 2 67 
455 2 47 67 
456 2 58 67 
457 2 72 67 
458 2 84 67 
459 2 120 67 
460 2 69 3 
461 2 69 59 
462 2 69 139 
463 2 70 49 
464 2 70 59 
465 2 70 75 
466 2 70 138 
467 2 71 74 
468 2 71 104 
469 2 127 71 
470 2 71 131 
471 2 71 136 
472 2 113 72 
473 2 138 72 
474 2 17 73 
475 2 129 73 
476 2 138 73 
477 2 74 68 
478 2 119 74 
479 2 159 74 
480 2 21 75 
481 2 77 75 
482 2 76 67 
483 2 148 76 
484 2 10 77 
485 2 23 77 
486 2 26 77 
487 2 88 77 
488 2 41 78 
489 2 78 64 
490 2 71 78 
491 2 119 79 
492 2 80 41 
493 2 80 42 
494 2 80 64 
495 2 80 119 
496 2 127 80 
497 2 81 11 
498 2 81 16 
499 2 81 27 
500 2 81 87 
501 2 108 81 
502 2 82 47 
503 2 82 98 
504 2 82 104 
505 2 82 162 
506 2 83 112 
507 2 141 83 
508 2 15 84 
509 2 35 84 
510 2 84 65 
511 2 80 84 
512 2 117 84 
513 2 148 84 
514 2 0 85 
515 2 2 85 
516 2 18 85 
517 2 54 85 
518 2 65 85 
519 2 74 85 
520 2 122 85 
521 2 135 85 
522 2 137 85 
523 2 35 86 
524 2 69 86 
525 2 74 86 
526 2 101 86 
527 2 115 86 
528 2 117 86 
529 2 154 86 
530 2 26 87 
531 2 41 87 
532 2 113 87 
533 2 69 88 
534 2 31 89 
535 2 80 89 
536 2 128 89 
537 2 20 90 
538 2 115 90 
539 2 143 90 
540 2 153 90 
541 2 77 91 
542 2 115 91 
543 2 133 91 
544 2 22 92 
545 2 36 92 
546 2 50 92 
547 2 132 92 
548 2 50 93 
549 2 74 93 
550 2 136 93 
551 2 94 30 
552 2 94 59 
553 2 94 105 
554 2 94 121 
555 2 94 151 
556 2 95 32 
557 2 96 61 
558 2 96 101 
559 2 97 14 
560 2 97 16 
561 2 106 97 
562 2 97 132 
563 2 98 19 
564 2 98 57 
565 2 98 86 
566 2 107 98 
567 2 98 130 
568 2 98 132 
569 2 148 98 
570 2 99 41 
571 2 99 73 
572 2 99 102 
573 2 109 99 
574 2 99 123 
575 2 16 100 
576 2 100 51 
577 2 100 83 
578 2 127 100 
579 2 100 144 
580 2 100 151 
581 2 80 101 
582 2 137 101 
583 2 138 101 
584 2 147 101 
585 2 101 154 
586 2 21 102 
587 2 42 102 
588 2 102 76 
589 2 102 122 
590 2 12 103 
591 2 103 42 
592 2 105 103 
593 2 104 5 
594 2 147 104 
595 2 70 105 
596 2 105 73 
597 2 106 105 
598 2 105 123 
599 2 106 86 
600 2 106 165 
601 2 107 12 
602 2 107 41 
603 2 71 107 
604 2 113 107 
605 2 148 107 
606 2 34 108 
607 2 44 108 
608 2 108 66 
609 2 108 100 
610 2 109 9 
611 2 109 123 
612 2 25 110 
613 2 129 110 
614 2 85 111 
615 2 115 111 
616 2 148 111 
617 2 33 112 
618 2 121 112 
619 2 159 112 
620 2 113 29 
621 2 113 90 
622 2 95 113 
623 2 114 113 
624 2 113 142 
625 2 114 2 
626 2 114 26 
627 2 114 33 
628 2 114 38 
629 2 114 121 
630 2 115 42 
631 2 115 84 
632 2 115 99 
633 2 116 115 
634 2 115 119 
635 2 115 162 
636 2 116 23 
637 2 69 116 
638 2 116 92 
639 2 116 99 
640 2 116 130 
641 2 116 136 
642 2 45 117 
643 2 117 141 
644 2 118 10 
645 2 118 36 
646 2 118 73 
647 2 118 102 
648 2 118 128 
649 2 119 9 
650 2 119 87 
651 2 24 120 
652 2 86 120 
653 2 110 120 
654 2 46 121 
655 2 86 121 
656 2 108 121 
657 2 121 111 
658 2 157 121 
659 2 4 122 
660 2 56 122 
661 2 69 122 
662 2 91 122 
663 2 124 122 
664 2 143 122 
665 2 123 93 
666 2 140 123 
667 2 157 123 
668 2 124 30 
669 2 124 31 
670 2 106 124 
671 2 125 37 
672 2 125 103 
673 2 125 110 
674 2 125 136 
675 2 125 157 
676 2 126 13 
677 2 126 36 
678 2 126 65 
679 2 127 13 
680 2 127 121 
681 2 127 145 
682 2 127 164 
683 2 128 101 
684 2 136 128 
685 1 129 
686 2 129 140 
687 2 10 130 
688 2 116 130 
689 2 130 132 
690 2 147 130 
691 2 2 131 
692 2 15 131 
693 2 1 132 
694 2 45 132 
695 2 63 132 
696 2 90 132 
697 2 123 132 
698 2 140 132 
699 2 150 132 
700 2 30 133 
701 2 81 133 
702 2 13 134 
703 2 29 134 
704 2 74 134 
705 2 134 120 
706 2 126 134 
707 2 127 134 
708 2 135 68 
709 2 80 135 
710 2 136 36 
711 2 136 37 
712 2 136 39 
713 2 69 136 
714 2 136 120 
715 2 148 136 
716 2 136 157 
717 2 137 46 
718 2 137 54 
719 2 137 124 
720 2 137 144 
721 2 138 25 
722 2 138 39 
723 2 138 83 
724 2 138 154 
725 2 139 51 
726 2 32 140 
727 2 81 140 
728 2 94 140 
729 2 140 123 
730 2 139 140 
731 2 146 140 
732 2 15 141 
733 2 62 141 
734 2 99 141 
735 2 100 141 
736 2 141 121 
737 2 148 141 
738 2 142 68 
739 2 142 72 
740 2 75 142 
741 2 142 85 
742 2 142 93 
743 2 102 142 
744 2 137 142 
745 2 1 143 
746 2 10 143 
747 2 143 18 
748 2 97 143 
749 2 99 143 
750 2 25 144 
751 2 48 144 
752 2 76 144 
753 2 88 144 
754 2 15 145 
755 2 41 145 
756 2 104 145 
757 2 130 145 
758 2 146 19 
759 2 146 24 
760 2 146 76 
761 2 146 123 
762 2 148 11 
763 2 148 133 
764 2 148 143 
765 2 148 154 
766 2 149 7 
767 2 149 15 
768 2 149 41 
769 2 149 72 
770 2 149 128 
771 2 149 165 
772 2 22 150 
773 2 40 150 
774 2 48 150 
775 2 67 150 
776 2 121 150 
777 2 47 151 
778 2 151 55 
779 2 135 151 
780 2 52 152 
781 2 104 152 
782 2 142 152 
783 2 10 153 
784 2 153 134 
785 2 149 153 
786 2 158 153 
787 2 46 154 
788 2 99 154 
789 2 106 154 
790 2 164 154 
791 2 155 47 
792 2 155 63 
793 2 155 142 
794 2 147 155 
795 2 159 155 
796 2 156 50 
797 2 156 55 
798 2 156 56 
799 2 130 156 
800 2 30 157 
801 2 157 77 
802 2 107 157 
803 2 157 155 
804 2 2 158 
805 2 158 26 
806 2 32 158 
807 2 81 158 
808 2 105 158 
809 2 159 29 
810 2 82 159 
811 2 127 159 
812 2 58 160 
813 2 60 160 
814 2 160 74 
815 2 96 161 
816 2 125 161 
817 2 62 162 
818 2 117 162 
819 2 162 120 
820 2 128 162 
821 2 148 162 
822 2 111 163 
823 2 164 4 
824 2 103 164 
825 2 165 14 
826 2 165 140 
827 2 165 163 
828 662 203 204 201 202 207 208 205 206 306 307 304 305 302 303 200 300 301 600 602 601 604 603 701 700 703 702 502 503 504 505 500 501 400 401 402 403 404 405 406 319 710 509 508 507 506 714 713 712 711 706 511 707 512 704 705 510 320 515 321 516 708 513 709 514 324 325 322 323 328 329 326 327 309 308 518 517 721 720 519 723 722 725 724 715 520 716 521 717 522 718 523 719 524 525 526 310 527 311 312 313 314 315 316 317 318 735 736 733 734 731 732 730 632 633 630 631 636 637 634 635 240 629 628 349 627 348 347 244 346 243 345 242 344 241 343 248 342 247 341 246 340 245 729 728 727 726 249 744 745 746 747 740 741 742 743 640 641 642 643 644 645 646 647 648 639 338 638 337 339 334 231 333 230 336 233 335 232 330 235 234 332 237 331 236 738 239 737 238 739 753 754 751 752 757 758 755 756 614 615 612 613 610 750 611 222 369 221 368 220 367 609 366 608 607 606 605 361 229 360 749 228 748 227 226 365 225 364 224 363 223 362 762 763 764 765 766 209 767 768 769 623 624 625 626 620 760 621 761 622 356 355 358 211 357 210 617 616 359 619 618 217 759 216 350 219 218 352 213 351 212 354 215 353 214 579 470 471 575 472 576 473 577 474 578 475 571 476 572 477 573 478 574 479 570 770 675 674 772 677 771 676 679 678 778 777 779 774 671 773 670 776 673 775 672 481 482 480 588 485 589 486 586 483 587 484 584 489 585 582 487 583 488 580 581 783 688 782 687 781 686 780 685 689 680 789 788 787 684 786 683 785 682 784 681 597 450 598 451 599 452 453 458 590 459 591 592 649 593 454 594 455 595 456 596 457 657 656 790 659 658 792 653 791 652 794 655 793 654 796 795 798 651 797 650 799 463 464 461 462 460 469 467 468 465 466 669 668 667 666 665 664 663 662 661 660 433 432 435 530 434 437 436 439 438 536 535 538 537 532 531 431 534 430 533 528 529 429 446 541 445 540 444 443 449 448 447 549 548 547 546 442 545 441 544 440 543 542 539 415 414 417 416 411 550 410 552 413 551 412 554 553 556 555 558 557 559 692 693 694 695 690 691 696 407 697 408 698 409 699 428 427 426 425 800 563 424 562 423 802 561 422 801 560 421 567 420 566 565 564 569 568 418 419 817 816 815 814 819 818 820 823 824 821 822 804 803 806 805 808 807 809 810 811 812 813 826 825 827 390 493 492 491 490 497 496 495 399 494 398 397 396 499 395 498 394 393 392 391 389 388 381 380 383 382 385 384 387 386 379 378 377 372 371 370 376 375 374 373 250 251 254 255 252 253 258 259 256 257 260 261 262 263 168 264 169 265 266 267 268 269 166 167 276 277 274 275 272 273 270 271 278 279 285 286 287 288 281 282 283 284 289 280 199 198 197 196 195 194 193 295 294 293 292 299 298 297 296 290 291 191 192 190 174 173 172 171 178 177 176 175 179 170 183 182 185 184 187 186 189 188 180 181 
829 1 828 
830 2 829 0 
831 2 829 1 
832 2 829 2 
833 2 829 3 
834 2 829 4 
835 2 829 5 
836 2 829 6 
837 2 829 7 
838 2 829 8 
839 2 829 9 
840 2 829 10 
841 2 829 11 
842 2 829 12 
843 2 829 13 
844 2 829 14 
845 2 829 15 
846 2 829 16 
847 2 829 17 
848 2 829 18 
849 2 829 19 
850 2 829 20 
851 2 829 21 
852 2 829 22 
853 2 829 23 
854 2 829 24 
855 2 829 25 
856 2 829 26 
857 2 829 27 
858 2 829 28 
859 2 829 29 
860 2 829 30 
861 2 829 31 
862 2 829 32 
863 2 829 33 
864 2 34 829 
865 2 35 829 
866 2 829 36 
867 2 829 37 
868 2 829 38 
869 2 829 39 
870 2 829 40 
871 2 829 41 
872 2 829 42 
873 2 43 829 
874 2 44 829 
875 2 829 45 
876 2 829 46 
877 2 829 47 
878 2 829 48 
879 2 829 49 
880 2 829 50 
881 2 829 51 
882 2 829 52 
883 2 829 53 
884 2 829 54 
885 2 829 55 
886 2 829 56 
887 2 829 57 
888 2 829 58 
889 2 829 59 
890 2 829 60 
891 2 829 61 
892 2 829 62 
893 2 829 63 
894 2 829 64 
895 2 829 65 
896 2 829 66 
897 2 829 67 
898 2 829 68 
899 2 69 829 
900 2 70 829 
901 2 71 829 
902 2 829 72 
903 2 829 73 
904 2 829 74 
905 2 829 75 
906 2 829 76 
907 2 829 77 
908 2 829 78 
909 2 829 79 
910 2 80 829 
911 2 829 81 
912 2 829 82 
913 2 829 83 
914 2 829 84 
915 2 829 85 
916 2 829 86 
917 2 829 87 
918 2 829 88 
919 2 829 89 
920 2 829 90 
921 2 829 91 
922 2 829 92 
923 2 829 93 
924 2 94 829 
925 2 95 829 
926 2 829 96 
927 2 829 97 
928 2 829 98 
929 2 829 99 
930 2 829 100 
931 2 829 101 
932 2 829 102 
933 2 829 103 
934 2 829 104 
935 2 829 105 
936 2 829 106 
937 2 829 107 
938 2 108 829 
939 2 109 829 
940 2 829 110 
941 2 829 111 
942 2 829 112 
943 2 113 829 
944 2 114 829 
945 2 829 115 
946 2 829 116 
947 2 829 117 
948 2 829 118 
949 2 829 119 
950 2 829 120 
951 2 829 121 
952 2 829 122 
953 2 829 123 
954 2 829 124 
955 2 829 125 
956 2 126 829 
957 2 127 829 
958 2 829 128 
959 2 829 129 
960 2 829 130 
961 2 829 131 
962 2 829 132 
963 2 829 133 
964 2 829 134 
965 2 829 135 
966 2 829 136 
967 2 137 829 
968 2 138 829 
969 2 829 139 
970 2 829 140 
971 2 829 141 
972 2 829 142 
973 2 829 143 
974 2 829 144 
975 2 829 145 
976 2 146 829 
977 2 147 829 
978 2 829 148 
979 2 829 149 
980 2 829 150 
981 2 829 151 
982 2 829 152 
983 2 829 153 
984 2 829 154 
985 2 829 155 
986 2 829 156 
987 2 829 157 
988 2 829 158 
989 2 829 159 
990 2 829 160 
991 2 829 161 
992 2 829 162 
993 2 829 163 
994 2 829 164 
995 2 829 165 
996 166 959 958 957 966 967 964 965 962 963 960 961 892 893 890 891 896 897 894 895 947 946 949 898 948 899 953 954 955 956 950 951 952 839 838 837 836 938 937 936 935 939 940 941 944 945 942 943 845 846 843 844 841 842 840 925 924 927 926 929 928 930 931 932 933 934 832 833 834 835 830 831 858 859 912 911 910 864 904 863 905 862 902 861 903 868 908 867 909 866 906 865 907 860 847 848 849 921 920 923 922 990 851 913 850 914 992 853 915 991 852 916 855 917 854 918 857 919 856 994 993 995 979 889 888 887 981 886 980 885 884 883 985 882 984 881 983 880 982 989 988 987 986 968 969 901 900 869 877 876 879 878 873 872 970 875 874 972 971 974 871 973 870 976 975 978 977 
997 1 996 
998 1 997 
999 1 998 
1000 0 
1001 0 
1002 0 
1003 0 
1004 0 
1005 0 
1006 0 
1007 0 
1008 0 
1009 0 
1010 0 
1011 0 
1012 0 
1013 0 
1014 0 
1015 0 
1016 0 
1017 0 
1018 0 
1019 0 
1020 0 
1021 0 
1022 0 
1023 0 
1024 0 
1025 0 
1026 0 
1027 0 
1028 0 
1029 0 
1030 0 
1031 0 
1032 0 
1033 0 
1034 0 
1035 0 
1036 0 
1037 0 
1038 0 
1039 0 
1040 0 
1041 0 
1042 0 
1043 0 
1044 0 
1045 0 
1046 0 
1047 0 
1048 0 
1049 0 
1050 0 
1051 0 
1052 0 
1053 0 
1054 0 
1055 0 
1056 0 
1057 0 
1058 0 
1059 0 
1060 0 
1061 0 
1062 0 
1063 0 
1064 0 
1065 0 
1066 0 
1067 0 
1068 0 
1069 0 
1070 0 
1071 0 
1072 0 
1073 0 
1074 0 
1075 0 
1076 0 
1077 0 
1078 0 
1079 0 
1080 0 
1081 0 
1082 0 
1083 0 
1084 0 
1085 0 
1086 0 
1087 0 
1088 0 
1089 0 
1090 0 
1091 0 
1092 0 
1093 0 
1094 0 
1095 0 
1096 0 
1097 0 
1098 0 
1099 0 
1100 0 
1101 0 
1102 0 
1103 0 
1104 0 
1105 0 
1106 0 
1107 0 
1108 0 
1109 0 
1110 0 
1111 0 
1112 0 
1113 0 
1114 0 
1115 0 
1116 0 
1117 0 
1118 0 
1119 0 
1120 0 
1121 0 
1122 0 
1123 0 
1124 0 
1125 0 
1126 0 
1127 0 
1128 0 
1129 0 
1130 0 
1131 0 
1132 0 
1133 0 
1134 0 
1135 0 
1136 0 
1137 0 
1138 0 
1139 0 
1140 0 
1141 0 
1142 0 
1143 0 
1144 0 
1145 0 
1146 0 
1147 0 
1148 0 
1149 0 
1150 0 
1151 0 
1152 0 
1153 0 
1154 0 
1155 0 
1156 0 
1157 0 
1158 0 
1159 0 
1160 0 
1161 0 
1162 0 
1163 0 
1164 0 
1165 0 
1166 2 1000 1093 
1167 2 1147 1000 
1168 2 1001 1050 
1169 2 1070 1001 
1170 2 1001 1103 
1171 2 1126 1001 
1172 2 1136 1001 
1173 2 1012 1002 
1174 2 1002 1022 
1175 2 1035 1002 
1176 2 1002 1066 
1177 2 1002 1092 
1178 2 1105 1002 
1179 2 1137 1002 
1180 2 1148 1002 
1181 2 1012 1003 
1182 2 1035 1003 
1183 2 1043 1003 
1184 2 1080 1003 
1185 2 1103 1003 
1186 2 1004 1029 
1187 2 1051 1004 
1188 2 1119 1004 
1189 2 1004 1134 
1190 2 1005 1039 
1191 2 1094 1005 
1192 2 1119 1005 
1193 2 1157 1005 
1194 2 1158 1005 
1195 2 1165 1005 
1196 2 1006 1085 
1197 2 1148 1006 
1198 2 1022 1007 
1199 2 1025 1007 
1200 2 1044 1007 
1201 2 1075 1007 
1202 2 1082 1007 
1203 2 1101 1007 
1204 2 1105 1007 
1205 2 1129 1007 
1206 2 1132 1007 
1207 2 1158 1007 
1208 2 1002 1008 
1209 2 1039 1008 
1210 2 1088 1008 
1211 2 1109 1008 
1212 2 1128 1008 
1213 2 1020 1009 
1214 2 1043 1009 
1215 2 1074 1009 
1216 2 1115 1009 
1217 2 1000 1010 
1218 2 1010 1019 
1219 2 1030 1010 
1220 2 1034 1010 
1221 2 1137 1010 
1222 2 1010 1141 
1223 2 1021 1011 
1224 2 1011 1029 
1225 2 1011 1051 
1226 2 1011 1052 
1227 2 1094 1011 
1228 2 1012 1128 
1229 2 1148 1012 
1230 2 1013 1008 
1231 2 1040 1013 
1232 2 1013 1072 
1233 2 1118 1013 
1234 2 1124 1013 
1235 2 1013 1131 
1236 2 1013 1154 
1237 2 1014 1003 
1238 2 1101 1014 
1239 2 1109 1014 
1240 2 1113 1014 
1241 2 1139 1014 
1242 2 1014 1142 
1243 2 1005 1015 
1244 2 1044 1015 
1245 2 1088 1015 
1246 2 1103 1015 
1247 2 1015 1111 
1248 2 1137 1015 
1249 2 1015 1151 
1250 2 1016 1120 
1251 2 1035 1017 
1252 2 1094 1017 
1253 2 1117 1017 
1254 2 1126 1017 
1255 2 1017 1131 
1256 2 1017 1153 
1257 2 1078 1018 
1258 2 1114 1018 
1259 2 1116 1018 
1260 2 1009 1019 
1261 2 1030 1019 
1262 2 1108 1019 
1263 2 1109 1019 
1264 2 1111 1019 
1265 2 1120 1019 
1266 1 1020 
1267 2 1020 1023 
1268 2 1126 1020 
1269 2 1147 1020 
1270 2 1021 1011 
1271 2 1021 1013 
1272 2 1097 1021 
1273 2 1022 1056 
1274 2 1022 1083 
1275 2 1116 1022 
1276 2 1022 1158 
1277 2 1023 1027 
1278 2 1023 1073 
1279 2 1023 1077 
1280 2 1081 1023 
1281 2 1023 1083 
1282 2 1115 1023 
1283 2 1023 1123 
1284 2 1129 1023 
1285 2 1023 1130 
1286 2 1024 1028 
1287 2 1044 1024 
1288 2 1024 1056 
1289 2 1024 1091 
1290 2 1017 1026 
1291 2 1061 1026 
1292 2 1096 1026 
1293 2 1117 1026 
1294 2 1010 1027 
1295 2 1032 1027 
1296 2 1044 1027 
1297 2 1108 1027 
1298 2 1146 1027 
1299 2 1000 1028 
1300 2 1028 1049 
1301 2 1028 1067 
1302 2 1028 1084 
1303 2 1046 1030 
1304 2 1126 1030 
1305 2 1002 1031 
1306 2 1031 1047 
1307 2 1032 1000 
1308 2 1032 1062 
1309 2 1032 1078 
1310 2 1032 1160 
1311 2 1033 1031 
1312 2 1059 1033 
1313 2 1033 1083 
1314 2 1034 1078 
1315 2 1034 1121 
1316 2 1034 1133 
1317 2 1034 1148 
1318 2 1035 1038 
1319 2 1035 1048 
1320 2 1035 1062 
1321 2 1035 1064 
1322 2 1035 1142 
1323 2 1035 1156 
1324 2 1058 1036 
1325 2 1070 1036 
1326 2 1036 1163 
1327 2 1015 1037 
1328 2 1040 1037 
1329 2 1057 1037 
1330 2 1081 1037 
1331 2 1148 1037 
1332 2 1051 1038 
1333 2 1038 1083 
1334 2 1118 1038 
1335 2 1038 1143 
1336 2 1023 1039 
1337 1 1039 
1338 2 1078 1039 
1339 2 1079 1039 
1340 2 1039 1093 
1341 2 1114 1039 
1342 2 1151 1039 
1343 2 1154 1039 
1344 2 1040 1049 
1345 2 1098 1040 
1346 2 1040 1154 
1347 2 1040 1155 
1348 2 1021 1041 
1349 2 1022 1041 
1350 2 1058 1041 
1351 2 1041 1078 
1352 2 1082 1041 
1353 2 1041 1133 
1354 2 1042 1006 
1355 2 1042 1164 
1356 2 1043 1015 
1357 2 1043 1066 
1358 2 1043 1121 
1359 2 1043 1126 
1360 2 1043 1152 
1361 2 1043 1165 
1362 2 1044 1061 
1363 2 1044 1165 
1364 2 1045 1121 
1365 2 1045 1123 
1366 2 1148 1045 
1367 2 1136 1046 
1368 2 1046 1154 
1369 2 1029 1047 
1370 2 1047 1039 
1371 2 1047 1083 
1372 2 1097 1047 
1373 2 1102 1047 
1374 2 1147 1047 
1375 2 1160 1047 
1376 2 1058 1048 
1377 2 1048 1068 
1378 2 1090 1048 
1379 2 1110 1048 
1380 2 1153 1048 
1381 2 1040 1049 
1382 2 1089 1049 
1383 2 1050 1048 
1384 2 1081 1050 
1385 2 1089 1050 
1386 2 1114 1050 
1387 2 1117 1050 
1388 2 1050 1145 
1389 2 1059 1051 
1390 2 1095 1051 
1391 2 1118 1051 
1392 2 1052 1037 
1393 2 1042 1052 
1394 2 1115 1052 
1395 2 1053 1039 
1396 2 1059 1053 
1397 2 1082 1053 
1398 2 1099 1053 
1399 2 1053 1134 
1400 2 1147 1053 
1401 2 1053 1163 
1402 2 1016 1054 
1403 2 1037 1054 
1404 2 1101 1054 
1405 2 1150 1054 
1406 2 1081 1055 
1407 2 1110 1055 
1408 2 1156 1055 
1409 2 1004 1056 
1410 2 1056 1037 
1411 2 1056 1055 
1412 2 1060 1056 
1413 2 1056 1150 
1414 2 1057 1072 
1415 2 1105 1057 
1416 2 1156 1057 
1417 2 1058 1027 
1418 2 1058 1056 
1419 2 1127 1058 
1420 2 1059 1090 
1421 2 1060 1036 
1422 2 1060 1063 
1423 2 1114 1060 
1424 2 1060 1131 
1425 2 1060 1165 
1426 2 1020 1061 
1427 2 1044 1061 
1428 2 1061 1075 
1429 2 1125 1061 
1430 2 1061 1150 
1431 2 1041 1062 
1432 2 1109 1062 
1433 2 1063 1123 
1434 2 1130 1063 
1435 2 1063 1142 
1436 2 1147 1063 
1437 2 1063 1150 
1438 2 1158 1063 
1439 2 1064 1049 
1440 2 1087 1064 
1441 2 1102 1064 
1442 2 1126 1064 
1443 2 1130 1064 
1444 2 1064 1133 
1445 2 1140 1064 
1446 2 1017 1065 
1447 2 1122 1065 
1448 2 1139 1065 
1449 2 1141 1065 
1450 2 1021 1066 
1451 2 1022 1066 
1452 2 1158 1066 
1453 2 1164 1066 
1454 2 1002 1067 
1455 2 1047 1067 
1456 2 1058 1067 
1457 2 1072 1067 
1458 2 1084 1067 
1459 2 1120 1067 
1460 2 1069 1003 
1461 2 1069 1059 
1462 2 1069 1139 
1463 2 1070 1049 
1464 2 1070 1059 
1465 2 1070 1075 
1466 2 1070 1138 
1467 2 1071 1074 
1468 2 1071 1104 
1469 2 1127 1071 
1470 2 1071 1131 
1471 2 1071 1136 
1472 2 1113 1072 
1473 2 1138 1072 
1474 2 1017 1073 
1475 2 1129 1073 
1476 2 1138 1073 
1477 2 1074 1068 
1478 2 1119 1074 
1479 2 1159 1074 
1480 2 1021 1075 
1481 2 1077 1075 
1482 2 1076 1067 
1483 2 1148 1076 
1484 2 1010 1077 
1485 2 1023 1077 
1486 2 1026 1077 
1487 2 1088 1077 
1488 2 1041 1078 
1489 2 1078 1064 
1490 2 1071 1078 
1491 2 1119 1079 
1492 2 1080 1041 
1493 2 1080 1042 
1494 2 1080 1064 
1495 2 1080 1119 
1496 2 1127 1080 
1497 2 1081 1011 
1498 2 1081 1016 
1499 2 1081 1027 
1500 2 1081 1087 
1501 2 1108 1081 
1502 2 1082 1047 
1503 2 1082 1098 
1504 2 1082 1104 
1505 2 1082 1162 
1506 2 1083 1112 
1507 2 1141 1083 
1508 2 1015 1084 
1509 2 1035 1084 
1510 2 1084 1065 
1511 2 1080 1084 
1512 2 1117 1084 
1513 2 1148 1084 
1514 2 1000 1085 
1515 2 1002 1085 
1516 2 1018 1085 
1517 2 1054 1085 
1518 2 1065 1085 
1519 2 1074 1085 
1520 2 1122 1085 
1521 2 1135 1085 
1522 2 1137 1085 
1523 2 1035 1086 
1524 2 1069 1086 
1525 2 1074 1086 
1526 2 1101 1086 
1527 2 1115 1086 
1528 2 1117 1086 
1529 2 1154 1086 
1530 2 1026 1087 
1531 2 1041 1087 
1532 2 1113 1087 
1533 2 1069 1088 
1534 2 1031 1089 
1535 2 1080 1089 
1536 2 1128 1089 
1537 2 1020 1090 
1538 2 1115 1090 
1539 2 1143 1090 
1540 2 1153 1090 
1541 2 1077 1091 
1542 2 1115 1091 
1543 2 1133 1091 
1544 2 1022 1092 
1545 2 1036 1092 
1546 2 1050 1092 
1547 2 1132 1092 
1548 2 1050 1093 
1549 2 1074 1093 
1550 2 1136 1093 
1551 2 1094 1030 
1552 2 1094 1059 
1553 2 1094 1105 
1554 2 1094 1121 
1555 2 1094 1151 
1556 2 1095 1032 
1557 2 1096 1061 
1558 2 1096 1101 
1559 2 1097 1014 
1560 2 1097 1016 
1561 2 1106 1097 
1562 2 1097 1132 
1563 2 1098 1019 
1564 2 1098 1057 
1565 2 1098 1086 
1566 2 1107 1098 
1567 2 1098 1130 
1568 2 1098 1132 
1569 2 1148 1098 
1570 2 1099 1041 
1571 2 1099 1073 
1572 2 1099 1102 
1573 2 1109 1099 
1574 2 1099 1123 
1575 2 1016 1100 
1576 2 1100 1051 
1577 2 1100 1083 
1578 2 1127 1100 
1579 2 1100 1144 
1580 2 1100 1151 
1581 2 1080 1101 
1582 2 1137 1101 
1583 2 1138 1101 
1584 2 1147 1101 
1585 2 1101 1154 
1586 2 1021 1102 
1587 2 1042 1102 
1588 2 1102 1076 
1589 2 1102 1122 
1590 2 1012 1103 
1591 2 1103 1042 
1592 2 1105 1103 
1593 2 1104 1005 
1594 2 1147 1104 
1595 2 1070 1105 
1596 2 1105 1073 
1597 2 1106 1105 
1598 2 1105 1123 
1599 2 1106 1086 
1600 2 1106 1165 
1601 2 1107 1012 
1602 2 1107 1041 
1603 2 1071 1107 
1604 2 1113 1107 
1605 2 1148 1107 
1606 2 1034 1108 
1607 2 1044 1108 
1608 2 1108 1066 
1609 2 1108 1100 
1610 2 1109 1009 
1611 2 1109 1123 
1612 2 1025 1110 
1613 2 1129 1110 
1614 2 1085 1111 
1615 2 1115 1111 
1616 2 1148 1111 
1617 2 1033 1112 
1618 2 1121 1112 
1619 2 1159 1112 
1620 2 1113 1029 
1621 2 1113 1090 
1622 2 1095 1113 
1623 2 1114 1113 
1624 2 1113 1142 
1625 2 1114 1002 
1626 2 1114 1026 
1627 2 1114 1033 
1628 2 1114 1038 
1629 2 1114 1121 
1630 2 1115 1042 
1631 2 1115 1084 
1632 2 1115 1099 
1633 2 1116 1115 
1634 2 1115 1119 
1635 2 1115 1162 
1636 2 1116 1023 
1637 2 1069 1116 
1638 2 1116 1092 
1639 2 1116 1099 
1640 2 1116 1130 
1641 2 1116 1136 
1642 2 1045 1117 
1643 2 1117 1141 
1644 2 1118 1010 
1645 2 1118 1036 
1646 2 1118 1073 
1647 2 1118 1102 
1648 2 1118 1128 
1649 2 1119 1009 
1650 2 1119 1087 
1651 2 1024 1120 
1652 2 1086 1120 
1653 2 1110 1120 
1654 2 1046 1121 
1655 2 1086 1121 
1656 2 1108 1121 
1657 2 1121 1111 
1658 2 1157 1121 
1659 2 1004 1122 
1660 2 1056 1122 
1661 2 1069 1122 
1662 2 1091 1122 
1663 2 1124 1122 
1664 2 1143 1122 
1665 2 1123 1093 
1666 2 1140 1123 
1667 2 1157 1123 
1668 2 1124 1030 
1669 2 1124 1031 
1670 2 1106 1124 
1671 2 1125 1037 
1672 2 1125 1103 
1673 2 1125 1110 
1674 2 1125 1136 
1675 2 1125 1157 
1676 2 1126 1013 
1677 2 1126 1036 
1678 2 1126 1065 
1679 2 1127 1013 
1680 2 1127 1121 
1681 2 1127 1145 
1682 2 1127 1164 
1683 2 1128 1101 
1684 2 1136 1128 
1685 1 1129 
1686 2 1129 1140 
1687 2 1010 1130 
1688 2 1116 1130 
1689 2 1130 1132 
1690 2 1147 1130 
1691 2 1002 1131 
1692 2 1015 1131 
1693 2 1001 1132 
1694 2 1045 1132 
1695 2 1063 1132 
1696 2 1090 1132 
1697 2 1123 1132 
1698 2 1140 1132 
1699 2 1150 1132 
1700 2 1030 1133 
1701 2 1081 1133 
1702 2 1013 1134 
1703 2 1029 1134 
1704 2 1074 1134 
1705 2 1134 1120 
1706 2 1126 1134 
1707 2 1127 1134 
1708 2 1135 1068 
1709 2 1080 1135 
1710 2 1136 1036 
1711 2 1136 1037 
1712 2 1136 1039 
1713 2 1069 1136 
1714 2 1136 1120 
1715 2 1148 1136 
1716 2 1136 1157 
1717 2 1137 1046 
1718 2 1137 1054 
1719 2 1137 1124 
1720 2 1137 1144 
1721 2 1138 1025 
1722 2 1138 1039 
1723 2 1138 1083 
1724 2 1138 1154 
1725 2 1139 1051 
1726 2 1032 1140 
1727 2 1081 1140 
1728 2 1094 1140 
1729 2 1140 1123 
1730 2 1139 1140 
1731 2 1146 1140 
1732 2 1015 1141 
1733 2 1062 1141 
1734 2 1099 1141 
1735 2 1100 1141 
1736 2 1141 1121 
1737 2 1148 1141 
1738 2 1142 1068 
1739 2 1142 1072 
1740 2 1075 1142 
1741 2 1142 1085 
1742 2 1142 1093 
1743 2 1102 1142 
1744 2 1137 1142 
1745 2 1001 1143 
1746 2 1010 1143 
1747 2 1143 1018 
1748 2 1097 1143 
1749 2 1099 1143 
1750 2 1025 1144 
1751 2 1048 1144 
1752 2 1076 1144 
1753 2 1088 1144 
1754 2 1015 1145 
1755 2 1041 1145 
1756 2 1104 1145 
1757 2 1130 1145 
1758 2 1146 1019 
1759 2 1146 1024 
1760 2 1146 1076 
1761 2 1146 1123 
1762 2 1148 1011 
1763 2 1148 1133 
1764 2 1148 1143 
1765 2 1148 1154 
1766 2 1149 1007 
1767 2 1149 1015 
1768 2 1149 1041 
1769 2 1149 1072 
1770 2 1149 1128 
1771 2 1149 1165 
1772 2 1022 1150 
1773 2 1040 1150 
1774 2 1048 1150 
1775 2 1067 1150 
1776 2 1121 1150 
1777 2 1047 1151 
1778 2 1151 1055 
1779 2 1135 1151 
1780 2 1052 1152 
1781 2 1104 1152 
1782 2 1142 1152 
1783 2 1010 1153 
1784 2 1153 1134 
1785 2 1149 1153 
1786 2 1158 1153 
1787 2 1046 1154 
1788 2 1099 1154 
1789 2 1106 1154 
1790 2 1164 1154 
1791 2 1155 1047 
1792 2 1155 1063 
1793 2 1155 1142 
1794 2 1147 1155 
1795 2 1159 1155 
1796 2 1156 1050 
1797 2 1156 1055 
1798 2 1156 1056 
1799 2 1130 1156 
1800 2 1030 1157 
1801 2 1157 1077 
1802 2 1107 1157 
1803 2 1157 1155 
1804 2 1002 1158 
1805 2 1158 1026 
1806 2 1032 1158 
1807 2 1081 1158 
1808 2 1105 1158 
1809 2 1159 1029 
1810 2 1082 1159 
1811 2 1127 1159 
1812 2 1058 1160 
1813 2 1060 1160 
1814 2 1160 1074 
1815 2 1096 1161 
1816 2 1125 1161 
1817 2 1062 1162 
1818 2 1117 1162 
1819 2 1162 1120 
1820 2 1128 1162 
1821 2 1148 1162 
1822 2 1111 1163 
1823 2 1164 1004 
1824 2 1103 1164 
1825 2 1165 1014 
1826 2 1165 1140 
1827 2 1165 1163 
1828 662 1203 1204 1201 1202 1207 1208 1205 1206 1306 1307 1304 1305 1302 1303 1200 1300 1301 1600 1602 1601 1604 1603 1701 1700 1703 1702 1502 1503 1504 1505 1500 1501 1400 1401 1402 1403 1404 1405 1406 1319 1710 1509 1508 1507 1506 1714 1713 1712 1711 1706 1511 1707 1512 1704 1705 1510 1320 1515 1321 1516 1708 1513 1709 1514 1324 1325 1322 1323 1328 1329 1326 1327 1309 1308 1518 1517 1721 1720 1519 1723 1722 1725 1724 1715 1520 1716 1521 1717 1522 1718 1523 1719 1524 1525 1526 1310 1527 1311 1312 1313 1314 1315 1316 1317 1318 1735 1736 1733 1734 1731 1732 1730 1632 1633 1630 1631 1636 1637 1634 1635 1240 1629 1628 1349 1627 1348 1347 1244 1346 1243 1345 1242 1344 1241 1343 1248 1342 1247 1341 1246 1340 1245 1729 1728 1727 1726 1249 1744 1745 1746 1747 1740 1741 1742 1743 1640 1641 1642 1643 1644 1645 1646 1647 1648 1639 1338 1638 1337 1339 1334 1231 1333 1230 1336 1233 1335 1232 1330 1235 1234 1332 1237 1331 1236 1738 1239 1737 1238 1739 1753 1754 1751 1752 1757 1758 1755 1756 1614 1615 1612 1613 1610 1750 1611 1222 1369 1221 1368 1220 1367 1609 1366 1608 1607 1606 1605 1361 1229 1360 1749 1228 1748 1227 1226 1365 1225 1364 1224 1363 1223 1362 1762 1763 1764 1765 1766 1209 1767 1768 1769 1623 1624 1625 1626 1620 1760 1621 1761 1622 1356 1355 1358 1211 1357 1210 1617 1616 1359 1619 1618 1217 1759 1216 1350 1219 1218 1352 1213 1351 1212 1354 1215 1353 1214 1579 1470 1471 1575 1472 1576 1473 1577 1474 1578 1475 1571 1476 1572 1477 1573 1478 1574 1479 1570 1770 1675 1674 1772 1677 1771 1676 1679 1678 1778 1777 1779 1774 1671 1773 1670 1776 1673 1775 1672 1481 1482 1480 1588 1485 1589 1486 1586 1483 1587 1484 1584 1489 1585 1582 1487 1583 1488 1580 1581 1783 1688 1782 1687 1781 1686 1780 1685 1689 1680 1789 1788 1787 1684 1786 1683 1785 1682 1784 1681 1597 1450 1598 1451 1599 1452 1453 1458 1590 1459 1591 1592 1649 1593 1454 1594 1455 1595 1456 1596 1457 1657 1656 1790 1659 1658 1792 1653 1791 1652 1794 1655 1793 1654 1796 1795 1798 1651 1797 1650 1799 1463 1464 1461 1462 1460 1469 1467 1468 1465 1466 1669 1668 1667 1666 1665 1664 1663 1662 1661 1660 1433 1432 1435 1530 1434 1437 1436 1439 1438 1536 1535 1538 1537 1532 1531 1431 1534 1430 1533 1528 1529 1429 1446 1541 1445 1540 1444 1443 1449 1448 1447 1549 1548 1547 1546 1442 1545 1441 1544 1440 1543 1542 1539 1415 1414 1417 1416 1411 1550 1410 1552 1413 1551 1412 1554 1553 1556 1555 1558 1557 1559 1692 1693 1694 1695 1690 1691 1696 1407 1697 1408 1698 1409 1699 1428 1427 1426 1425 1800 1563 1424 1562 1423 1802 1561 1422 1801 1560 1421 1567 1420 1566 1565 1564 1569 1568 1418 1419 1817 1816 1815 1814 1819 1818 1820 1823 1824 1821 1822 1804 1803 1806 1805 1808 1807 1809 1810 1811 1812 1813 1826 1825 1827 1390 1493 1492 1491 1490 1497 1496 1495 1399 1494 1398 1397 1396 1499 1395 1498 1394 1393 1392 1391 1389 1388 1381 1380 1383 1382 1385 1384 1387 1386 1379 1378 1377 1372 1371 1370 1376 1375 1374 1373 1250 1251 1254 1255 1252 1253 1258 1259 1256 1257 1260 1261 1262 1263 1168 1264 1169 1265 1266 1267 1268 1269 1166 1167 1276 1277 1274 1275 1272 1273 1270 1271 1278 1279 1285 1286 1287 1288 1281 1282 1283 1284 1289 1280 1199 1198 1197 1196 1195 1194 1193 1295 1294 1293 1292 1299 1298 1297 1296 1290 1291 1191 1192 1190 1174 1173 1172 1171 1178 1177 1176 1175 1179 1170 1183 1182 1185 1184 1187 1186 1189 1188 1180 1181 
1829 1 1828 
1830 2 1829 1000 
1831 2 1829 1001 
1832 2 1829 1002 
1833 2 1829 1003 
1834 2 1829 1004 
1835 2 1829 1005 
1836 2 1829 1006 
1837 2 1829 1007 
1838 2 1829 1008 
1839 2 1829 1009 
1840 2 1829 1010 
1841 2 1829 1011 
1842 2 1829 1012 
1843 2 1829 1013 
1844 2 1829 1014 
1845 2 1829 1015 
1846 2 1829 1016 
1847 2 1829 1017 
1848 2 1829 1018 
1849 2 1829 1019 
1850 2 1829 1020 
1851 2 1829 1021 
1852 2 1829 1022 
1853 2 1829 1023 
1854 2 1829 1024 
1855 2 1829 1025 
1856 2 1829 1026 
1857 2 1829 1027 
1858 2 1829 1028 
1859 2 1829 1029 
1860 2 1829 1030 
1861 2 1829 1031 
1862 2 1829 1032 
1863 2 1829 1033 
1864 2 1034 1829 
1865 2 1035 1829 
1866 2 1829 1036 
1867 2 1829 1037 
1868 2 1829 1038 
1869 2 1829 1039 
1870 2 1829 1040 
1871 2 1829 1041 
1872 2 1829 1042 
1873 2 1043 1829 
1874 2 1044 1829 
1875 2 1829 1045 
1876 2 1829 1046 
1877 2 1829 1047 
1878 2 1829 1048 
1879 2 1829 1049 
1880 2 1829 1050 
1881 2 1829 1051 
1882 2 1829 1052 
1883 2 1829 1053 
1884 2 1829 1054 
1885 2 1829 1055 
1886 2 1829 1056 
1887 2 1829 1057 
1888 2 1829 1058 
1889 2 1829 1059 
1890 2 1829 1060 
1891 2 1829 1061 
1892 2 1829 1062 
1893 2 1829 1063 
1894 2 1829 1064 
1895 2 1829 1065 
1896 2 1829 1066 
1897 2 1829 1067 
1898 2 1829 1068 
1899 2 1069 1829 
1900 2 1070 1829 
1901 2 1071 1829 
1902 2 1829 1072 
1903 2 1829 1073 
1904 2 1829 1074 
1905 2 1829 1075 
1906 2 1829 1076 
1907 2 1829 1077 
1908 2 1829 1078 
1909 2 1829 1079 
1910 2 1080 1829 
1911 2 1829 1081 
1912 2 1829 1082 
1913 2 1829 1083 
1914 2 1829 1084 
1915 2 1829 1085 
1916 2 1829 1086 
1917 2 1829 1087 
1918 2 1829 1088 
1919 2 1829 1089 
1920 2 1829 1090 
1921 2 1829 1091 
1922 2 1829 1092 
1923 2 1829 1093 
1924 2 1094 1829 
1925 2 1095 1829 
1926 2 1829 1096 
1927 2 1829 1097 
1928 2 1829 1098 
1929 2 1829 1099 
1930 2 1829 1100 
1931 2 1829 1101 
1932 2 1829 1102 
1933 2 1829 1103 
1934 2 1829 1104 
1935 2 1829 1105 
1936 2 1829 1106 
1937 2 1829 1107 
1938 2 1108 1829 
1939 2 1109 1829 
1940 2 1829 1110 
1941 2 1829 1111 
1942 2 1829 1112 
1943 2 1113 1829 
1944 2 1114 1829 
1945 2 1829 1115 
1946 2 1829 1116 
1947 2 1829 1117 
1948 2 1829 1118 
1949 2 1829 1119 
1950 2 1829 1120 
1951 2 1829 1121 
1952 2 1829 1122 
1953 2 1829 1123 
1954 2 1829 1124 
1955 2 1829 1125 
1956 2 1126 1829 
1957 2 1127 1829 
1958 2 1829 1128 
1959 2 1829 1129 
1960 2 1829 1130 
1961 2 1829 1131 
1962 2 1829 1132 
1963 2 1829 1133 
1964 2 1829 1134 
1965 2 1829 1135 
1966 2 1829 1136 
1967 2 1137 1829 
1968 2 1138 1829 
1969 2 1829 1139 
1970 2 1829 1140 
1971 2 1829 1141 
1972 2 1829 1142 
1973 2 1829 1143 
1974 2 1829 1144 
1975 2 1829 1145 
1976 2 1146 1829 
1977 2 1147 1829 
1978 2 1829 1148 
1979 2 1829 1149 
1980 2 1829 1150 
1981 2 1829 1151 
1982 2 1829 1152 
1983 2 1829 1153 
1984 2 1829 1154 
1985 2 1829 1155 
1986 2 1829 1156 
1987 2 1829 1157 
1988 2 1829 1158 
1989 2 1829 1159 
1990 2 1829 1160 
1991 2 1829 1161 
1992 2 1829 1162 
1993 2 1829 1163 
1994 2 1829 1164 
1995 2 1829 1165 
1996 166 1959 1958 1957 1966 1967 1964 1965 1962 1963 1960 1961 1892 1893 1890 1891 1896 1897 1894 1895 1947 1946 1949 1898 1948 1899 1953 1954 1955 1956 1950 1951 1952 1839 1838 1837 1836 1938 1937 1936 1935 1939 1940 1941 1944 1945 1942 1943 1845 1846 1843 1844 1841 1842 1840 1925 1924 1927 1926 1929 1928 1930 1931 1932 1933 1934 1832 1833 1834 1835 1830 1831 1858 1859 1912 1911 1910 1864 1904 1863 1905 1862 1902 1861 1903 1868 1908 1867 1909 1866 1906 1865 1907 1860 1847 1848 1849 1921 1920 1923 1922 1990 1851 1913 1850 1914 1992 1853 1915 1991 1852 1916 1855 1917 1854 1918 1857 1919 1856 1994 1993 1995 1979 1889 1888 1887 1981 1886 1980 1885 1884 1883 1985 1882 1984 1881 1983 1880 1982 1989 1988 1987 1986 1968 1969 1901 1900 1869 1877 1876 1879 1878 1873 1872 1970 1875 1874 1972 1971 1974 1871 1973 1870 1976 1975 1978 1977 
1997 1 1996 
1998 1 1997 
1999 1 1998 
2000 0 
2001 0 
2002 0 
2003 0 
2004 0 
2005 0 
2006 0 
2007 0 
2008 0 
2009 0 
2010 0 
2011 0 
2012 0 
2013 0 
2014 0 
2015 0 
2016 0 
2017 0 
2018 0 
2019 0 
2020 0 
2021 0 
2022 0 
2023 0 
2024 0 
2025 0 
2026 0 
2027 0 
2028 0 
2029 0 
2030 0 
2031 0 
2032 0 
2033 0 
2034 0 
2035 0 
2036 0 
2037 0 
2038 0 
2039 0 
2040 0 
2041 0 
2042 0 
2043 0 
2044 0 
2045 0 
2046 0 
2047 0 
2048 0 
2049 0 
2050 0 
2051 0 
2052 0 
2053 0 
2054 0 
2055 0 
2056 0 
2057 0 
2058 0 
2059 0 
2060 0 
2061 0 
2062 0 
2063 0 
2064 0 
2065 0 
2066 0 
2067 0 
2068 0 
2069 0 
2070 0 
2071 0 
2072 0 
2073 0 
2074 0 
2075 0 
2076 0 
2077 0 
2078 0 
2079 0 
2080 0 
2081 0 
2082 0 
2083 0 
2084 0 
2085 0 
2086 0 
2087 0 
2088 0 
2089 0 
2090 0 
2091 0 
2092 0 
2093 0 
2094 0 
2095 0 
2096 0 
2097 0 
2098 0 
2099 0 
2100 0 
2101 0 
2102 0 
2103 0 
2104 0 
2105 0 
2106 0 
2107 0 
2108 0 
2109 0 
2110 0 
2111 0 
2112 0 
2113 0 
2114 0 
2115 0 
2116 0 
2117 0 
2118 0 
2119 0 
2120 0 
2121 0 
2122 0 
2123 0 
2124 0 
2125 0 
2126 0 
2127 0 
2128 0 
2129 0 
2130 0 
2131 0 
2132 0 
2133 0 
2134 0 
2135 0 
2136 0 
2137 0 
2138 0 
2139 0 
2140 0 
2141 0 
2142 0 
2143 0 
2144 0 
2145 0 
2146 0 
2147 0 
2148 0 
2149 0 
2150 0 
2151 0 
2152 0 
2153 0 
2154 0 
2155 0 
2156 0 
2157 0 
2158 0 
2159 0 
2160 0 
2161 0 
2162 0 
2163 0 
2164 0 
2165 0 
2166 2 2000 2093 
2167 2 2147 2000 
2168 2 2001 2050 
2169 2 2070 2001 
2170 2 2001 2103 
2171 2 2126 2001 
2172 2 2136 2001 
2173 2 2012 2002 
2174 2 2002 2022 
2175 2 2035 2002 
2176 2 2002 2066 
2177 2 2002 2092 
2178 2 2105 2002 
2179 2 2137 2002 
2180 2 2148 2002 
2181 2 2012 2003 
2182 2 2035 2003 
2183 2 2043 2003 
2184 2 2080 2003 
2185 2 2103 2003 
2186 2 2004 2029 
2187 2 2051 2004 
2188 2 2119 2004 
2189 2 2004 2134 
2190 2 2005 2039 
2191 2 2094 2005 
2192 2 2119 2005 
2193 2 2157 2005 
2194 2 2158 2005 
2195 2 2165 2005 
2196 2 2006 2085 
2197 2 2148 2006 
2198 2 2022 2007 
2199 2 2025 2007 
2200 2 2044 2007 
2201 2 2075 2007 
2202 2 2082 2007 
2203 2 2101 2007 
2204 2 2105 2007 
2205 2 2129 2007 
2206 2 2132 2007 
2207 2 2158 2007 
2208 2 2002 2008 
2209 2 2039 2008 
2210 2 2088 2008 
2211 2 2109 2008 
2212 2 2128 2008 
2213 2 2020 2009 
2214 2 2043 2009 
2215 2 2074 2009 
2216 2 2115 2009 
2217 2 2000 2010 
2218 2 2010 2019 
2219 2 2030 2010 
2220 2 2034 2010 
2221 2 2137 2010 
2222 2 2010 2141 
2223 2 2021 2011 
2224 2 2011 2029 
2225 2 2011 2051 
2226 2 2011 2052 
2227 2 2094 2011 
2228 2 2012 2128 
2229 2 2148 2012 
2230 2 2013 2008 
2231 2 2040 2013 
2232 2 2013 2072 
2233 2 2118 2013 
2234 2 2124 2013 
2235 2 2013 2131 
2236 2 2013 2154 
2237 2 2014 2003 
2238 2 2101 2014 
2239 2 2109 2014 
2240 2 2113 2014 
2241 2 2139 2014 
2242 2 2014 2142 
2243 2 2005 2015 
2244 2 2044 2015 
2245 2 2088 2015 
2246 2 2103 2015 
2247 2 2015 2111 
2248 2 2137 2015 
2249 2 2015 2151 
2250 2 2016 2120 
2251 2 2035 2017 
2252 2 2094 2017 
2253 2 2117 2017 
2254 2 2126 2017 
2255 2 2017 2131 
2256 2 2017 2153 
2257 2 2078 2018 
2258 2 2114 2018 
2259 2 2116 2018 
2260 2 2009 2019 
2261 2 2030 2019 
2262 2 2108 2019 
2263 2 2109 2019 
2264 2 2111 2019 
2265 2 2120 2019 
2266 1 2020 
2267 2 2020 2023 
2268 2 2126 2020 
2269 2 2147 2020 
2270 2 2021 2011 
2271 2 2021 2013 
2272 2 2097 2021 
2273 2 2022 2056 
2274 2 2022 2083 
2275 2 2116 2022 
2276 2 2022 2158 
2277 2 2023 2027 
2278 2 2023 2073 
2279 2 2023 2077 
2280 2 2081 2023 
2281 2 2023 2083 
2282 2 2115 2023 
2283 2 2023 2123 
2284 2 2129 2023 
2285 2 2023 2130 
2286 2 2024 2028 
2287 2 2044 2024 
2288 2 2024 2056 
2289 2 2024 2091 
2290 2 2017 2026 
2291 2 2061 2026 
2292 2 2096 2026 
2293 2 2117 2026 
2294 2 2010 2027 
2295 2 2032 2027 
2296 2 2044 2027 
2297 2 2108 2027 
2298 2 2146 2027 
2299 2 2000 2028 
2300 2 2028 2049 
2301 2 2028 2067 
2302 2 2028 2084 
2303 2 2046 2030 
2304 2 2126 2030 
2305 2 2002 2031 
2306 2 2031 2047 
2307 2 2032 2000 
2308 2 2032 2062 
2309 2 2032 2078 
2310 2 2032 2160 
2311 2 2033 2031 
2312 2 2059 2033 
2313 2 2033 2083 
2314 2 2034 2078 
2315 2 2034 2121 
2316 2 2034 2133 
2317 2 2034 2148 
2318 2 2035 2038 
2319 2 2035 2048 
2320 2 2035 2062 
2321 2 2035 2064 
2322 2 2035 2142 
2323 2 2035 2156 
2324 2 2058 2036 
2325 2 2070 2036 
2326 2 2036 2163 
2327 2 2015 2037 
2328 2 2040 2037 
2329 2 2057 2037 
2330 2 2081 2037 
2331 2 2148 2037 
2332 2 2051 2038 
2333 2 2038 2083 
2334 2 2118 2038 
2335 2 2038 2143 
2336 2 2023 2039 
2337 1 2039 
2338 2 2078 2039 
2339 2 2079 2039 
2340 2 2039 2093 
2341 2 2114 2039 
2342 2 2151 2039 
2343 2 2154 2039 
2344 2 2040 2049 
2345 2 2098 2040 
2346 2 2040 2154 
2347 2 2040 2155 
2348 2 2021 2041 
2349 2 2022 2041 
2350 2 2058 2041 
2351 2 2041 2078 
2352 2 2082 2041 
2353 2 2041 2133 
2354 2 2042 2006 
2355 2 2042 2164 
2356 2 2043 2015 
2357 2 2043 2066 
2358 2 2043 2121 
2359 2 2043 2126 
2360 2 2043 2152 
2361 2 2043 2165 
2362 2 2044 2061 
2363 2 2044 2165 
2364 2 2045 2121 
2365 2 2045 2123 
2366 2 2148 2045 
2367 2 2136 2046 
2368 2 2046 2154 
2369 2 2029 2047 
2370 2 2047 2039 
2371 2 2047 2083 
2372 2 2097 2047 
2373 2 2102 2047 
2374 2 2147 2047 
2375 2 2160 2047 
2376 2 2058 2048 
2377 2 2048 2068 
2378 2 2090 2048 
2379 2 2110 2048 
2380 2 2153 2048 
2381 2 2040 2049 
2382 2 2089 2049 
2383 2 2050 2048 
2384 2 2081 2050 
2385 2 2089 2050 
2386 2 2114 2050 
2387 2 2117 2050 
2388 2 2050 2145 
2389 2 2059 2051 
2390 2 2095 2051 
2391 2 2118 2051 
2392 2 2052 2037 
2393 2 2042 2052 
2394 2 2115 2052 
2395 2 2053 2039 
2396 2 2059 2053 
2397 2 2082 2053 
2398 2 2099 2053 
2399 2 2053 2134 
2400 2 2147 2053 
2401 2 2053 2163 
2402 2 2016 2054 
2403 2 2037 2054 
2404 2 2101 2054 
2405 2 2150 2054 
2406 2 2081 2055 
2407 2 2110 2055 
2408 2 2156 2055 
2409 2 2004 2056 
2410 2 2056 2037 
2411 2 2056 2055 
2412 2 2060 2056 
2413 2 2056 2150 
2414 2 2057 2072 
2415 2 2105 2057 
2416 2 2156 2057 
2417 2 2058 2027 
2418 2 2058 2056 
2419 2 2127 2058 
2420 2 2059 2090 
2421 2 2060 2036 
2422 2 2060 2063 
2423 2 2114 2060 
2424 2 2060 2131 
2425 2 2060 2165 
2426 2 2020 2061 
2427 2 2044 2061 
2428 2 2061 2075 
2429 2 2125 2061 
2430 2 2061 2150 
2431 2 2041 2062 
2432 2 2109 2062 
2433 2 2063 2123 
2434 2 2130 2063 
2435 2 2063 2142 
2436 2 2147 2063 
2437 2 2063 2150 
2438 2 2158 2063 
2439 2 2064 2049 
2440 2 2087 2064 
2441 2 2102 2064 
2442 2 2126 2064 
2443 2 2130 2064 
2444 2 2064 2133 
2445 2 2140 2064 
2446 2 2017 2065 
2447 2 2122 2065 
2448 2 2139 2065 
2449 2 2141 2065 
2450 2 2021 2066 
2451 2 2022 2066 
2452 2 2158 2066 
2453 2 2164 2066 
2454 2 2002 2067 
2455 2 2047 2067 
2456 2 2058 2067 
2457 2 2072 2067 
2458 2 2084 2067 
2459 2 2120 2067 
2460 2 2069 2003 
2461 2 2069 2059 
2462 2 2069 2139 
2463 2 2070 2049 
2464 2 2070 2059 
2465 2 2070 2075 
2466 2 2070 2138 
2467 2 2071 2074 
2468 2 2071 2104 
2469 2 2127 2071 
2470 2 2071 2131 
2471 2 2071 2136 
2472 2 2113 2072 
2473 2 2138 2072 
2474 2 2017 2073 
2475 2 2129 2073 
2476 2 2138 2073 
2477 2 2074 2068 
2478 2 2119 2074 
2479 2 2159 2074 
2480 2 2021 2075 
2481 2 2077 2075 
2482 2 2076 2067 
2483 2 2148 2076 
2484 2 2010 2077 
2485 2 2023 2077 
2486 2 2026 2077 
2487 2 2088 2077 
2488 2 2041 2078 
2489 2 2078 2064 
2490 2 2071 2078 
2491 2 2119 2079 
2492 2 2080 2041 
2493 2 2080 2042 
2494 2 2080 2064 
2495 2 2080 2119 
2496 2 2127 2080 
2497 2 2081 2011 
2498 2 2081 2016 
2499 2 2081 2027 
2500 2 2081 2087 
2501 2 2108 2081 
2502 2 2082 2047 
2503 2 2082 2098 
2504 2 2082 2104 
2505 2 2082 2162 
2506 2 2083 2112 
2507 2 2141 2083 
2508 2 2015 2084 
2509 2 2035 2084 
2510 2 2084 2065 
2511 2 2080 2084 
2512 2 2117 2084 
2513 2 2148 2084 
2514 2 2000 2085 
2515 2 2002 2085 
2516 2 2018 2085 
2517 2 2054 2085 
2518 2 2065 2085 
2519 2 2074 2085 
2520 2 2122 2085 
2521 2 2135 2085 
2522 2 2137 2085 
2523 2 2035 2086 
2524 2 2069 2086 
2525 2 2074 2086 
2526 2 2101 2086 
2527 2 2115 2086 
2528 2 2117 2086 
2529 2 2154 2086 
2530 2 2026 2087 
2531 2 2041 2087 
2532 2 2113 2087 
2533 2 2069 2088 
2534 2 2031 2089 
2535 2 2080 2089 
2536 2 2128 2089 
2537 2 2020 2090 
2538 2 2115 2090 
2539 2 2143 2090 
2540 2 2153 2090 
2541 2 2077 2091 
2542 2 2115 2091 
2543 2 2133 2091 
2544 2 2022 2092 
2545 2 2036 2092 
2546 2 2050 2092 
2547 2 2132 2092 
2548 2 2050 2093 
2549 2 2074 2093 
2550 2 2136 2093 
2551 2 2094 2030 
2552 2 2094 2059 
2553 2 2094 2105 
2554 2 2094 2121 
2555 2 2094 2151 
2556 2 2095 2032 
2557 2 2096 2061 
2558 2 2096 2101 
2559 2 2097 2014 
2560 2 2097 2016 
2561 2 2106 2097 
2562 2 2097 2132 
2563 2 2098 2019 
2564 2 2098 2057 
2565 2 2098 2086 
2566 2 2107 2098 
2567 2 2098 2130 
2568 2 2098 2132 
2569 2 2148 2098 
2570 2 2099 2041 
2571 2 2099 2073 
2572 2 2099 2102 
2573 2 2109 2099 
2574 2 2099 2123 
2575 2 2016 2100 
2576 2 2100 2051 
2577 2 2100 2083 
2578 2 2127 2100 
2579 2 2100 2144 
2580 2 2100 2151 
2581 2 2080 2101 
2582 2 2137 2101 
2583 2 2138 2101 
2584 2 2147 2101 
2585 2 2101 2154 
2586 2 2021 2102 
2587 2 2042 2102 
2588 2 2102 2076 
2589 2 2102 2122 
2590 2 2012 2103 
2591 2 2103 2042 
2592 2 2105 2103 
2593 2 2104 2005 
2594 2 2147 2104 
2595 2 2070 2105 
2596 2 2105 2073 
2597 2 2106 2105 
2598 2 2105 2123 
2599 2 2106 2086 
2600 2 2106 2165 
2601 2 2107 2012 
2602 2 2107 2041 
2603 2 2071 2107 
2604 2 2113 2107 
2605 2 2148 2107 
2606 2 2034 2108 
2607 2 2044 2108 
2608 2 2108 2066 
2609 2 2108 2100 
2610 2 2109 2009 
2611 2 2109 2123 
2612 2 2025 2110 
2613 2 2129 2110 
2614 2 2085 2111 
2615 2 2115 2111 
2616 2 2148 2111 
2617 2 2033 2112 
2618 2 2121 2112 
2619 2 2159 2112 
2620 2 2113 2029 
2621 2 2113 2090 
2622 2 2095 2113 
2623 2 2114 2113 
2624 2 2113 2142 
2625 2 2114 2002 
2626 2 2114 2026 
2627 2 2114 2033 
2628 2 2114 2038 
2629 2 2114 2121 
2630 2 2115 2042 
2631 2 2115 2084 
2632 2 2115 2099 
2633 2 2116 2115 
2634 2 2115 2119 
2635 2 2115 2162 
2636 2 2116 2023 
2637 2 2069 2116 
2638 2 2116 2092 
2639 2 2116 2099 
2640 2 2116 2130 
2641 2 2116 2136 
2642 2 2045 2117 
2643 2 2117 2141 
2644 2 2118 2010 
2645 2 2118 2036 
2646 2 2118 2073 
2647 2 2118 2102 
2648 2 2118 2128 
2649 2 2119 2009 
2650 2 2119 2087 
2651 2 2024 2120 
2652 2 2086 2120 
2653 2 2110 2120 
2654 2 2046 2121 
2655 2 2086 2121 
2656 2 2108 2121 
2657 2 2121 2111 
2658 2 2157 2121 
2659 2 2004 2122 
2660 2 2056 2122 
2661 2 2069 2122 
2662 2 2091 2122 
2663 2 2124 2122 
2664 2 2143 2122 
2665 2 2123 2093 
2666 2 2140 2123 
2667 2 2157 2123 
2668 2 2124 2030 
2669 2 2124 2031 
2670 2 2106 2124 
2671 2 2125 2037 
2672 2 2125 2103 
2673 2 2125 2110 
2674 2 2125 2136 
2675 2 2125 2157 
2676 2 2126 2013 
2677 2 2126 2036 
2678 2 2126 2065 
2679 2 2127 2013 
2680 2 2127 2121 
2681 2 2127 2145 
2682 2 2127 2164 
2683 2 2128 2101 
2684 2 2136 2128 
2685 1 2129 
2686 2 2129 2140 
2687 2 2010 2130 
2688 2 2116 2130 
2689 2 2130 2132 
2690 2 2147 2130 
2691 2 2002 2131 
2692 2 2015 2131 
2693 2 2001 2132 
2694 2 2045 2132 
2695 2 2063 2132 
2696 2 2090 2132 
2697 2 2123 2132 
2698 2 2140 2132 
2699 2 2150 2132 
2700 2 2030 2133 
2701 2 2081 2133 
2702 2 2013 2134 
2703 2 2029 2134 
2704 2 2074 2134 
2705 2 2134 2120 
2706 2 2126 2134 
2707 2 2127 2134 
2708 2 2135 2068 
2709 2 2080 2135 
2710 2 2136 2036 
2711 2 2136 2037 
2712 2 2136 2039 
2713 2 2069 2136 
2714 2 2136 2120 
2715 2 2148 2136 
2716 2 2136 2157 
2717 2 2137 2046 
2718 2 2137 2054 
2719 2 2137 2124 
2720 2 2137 2144 
2721 2 2138 2025 
2722 2 2138 2039 
2723 2 2138 2083 
2724 2 2138 2154 
2725 2 2139 2051 
2726 2 2032 2140 
2727 2 2081 2140 
2728 2 2094 2140 
2729 2 2140 2123 
2730 2 2139 2140 
2731 2 2146 2140 
2732 2 2015 2141 
2733 2 2062 2141 
2734 2 2099 2141 
2735 2 2100 2141 
2736 2 2141 2121 
2737 2 2148 2141 
2738 2 2142 2068 
2739 2 2142 2072 
2740 2 2075 2142 
2741 2 2142 2085 
2742 2 2142 2093 
2743 2 2102 2142 
2744 2 2137 2142 
2745 2 2001 2143 
2746 2 2010 2143 
2747 2 2143 2018 
2748 2 2097 2143 
2749 2 2099 2143 
2750 2 2025 2144 
2751 2 2048 2144 
2752 2 2076 2144 
2753 2 2088 2144 
2754 2 2015 2145 
2755 2 2041 2145 
2756 2 2104 2145 
2757 2 2130 2145 
2758 2 2146 2019 
2759 2 2146 2024 
2760 2 2146 2076 
2761 2 2146 2123 
2762 2 2148 2011 
2763 2 2148 2133 
2764 2 2148 2143 
2765 2 2148 2154 
2766 2 2149 2007 
2767 2 2149 2015 
2768 2 2149 2041 
2769 2 2149 2072 
2770 2 2149 2128 
2771 2 2149 2165 
2772 2 2022 2150 
2773 2 2040 2150 
2774 2 2048 2150 
2775 2 2067 2150 
2776 2 2121 2150 
2777 2 2047 2151 
2778 2 2151 2055 
2779 2 2135 2151 
2780 2 2052 2152 
2781 2 2104 2152 
2782 2 2142 2152 
2783 2 2010 2153 
2784 2 2153 2134 
2785 2 2149 2153 
2786 2 2158 2153 
2787 2 2046 2154 
2788 2 2099 2154 
2789 2 2106 2154 
2790 2 2164 2154 
2791 2 2155 2047 
2792 2 2155 2063 
2793 2 2155 2142 
2794 2 2147 2155 
2795 2 2159 2155 
2796 2 2156 2050 
2797 2 2156 2055 
2798 2 2156 2056 
2799 2 2130 2156 
2800 2 2030 2157 
2801 2 2157 2077 
2802 2 2107 2157 
2803 2 2157 2155 
2804 2 2002 2158 
2805 2 2158 2026 
2806 2 2032 2158 
2807 2 2081 2158 
2808 2 2105 2158 
2809 2 2159 2029 
2810 2 2082 2159 
2811 2 2127 2159 
2812 2 2058 2160 
2813 2 2060 2160 
2814 2 2160 2074 
2815 2 2096 2161 
2816 2 2125 2161 
2817 2 2062 2162 
2818 2 2117 2162 
2819 2 2162 2120 
2820 2 2128 2162 
2821 2 2148 2162 
2822 2 2111 2163 
2823 2 2164 2004 
2824 2 2103 2164 
2825 2 2165 2014 
2826 2 2165 2140 
2827 2 2165 2163 
2828 662 2203 2204 2201 2202 2207 2208 2205 2206 2306 2307 2304 2305 2302 2303 2200 2300 2301 2600 2602 2601 2604 2603 2701 2700 2703 2702 2502 2503 2504 2505 2500 2501 2400 2401 2402 2403 2404 2405 2406 2319 2710 2509 2508 2507 2506 2714 2713 2712 2711 2706 2511 2707 2512 2704 2705 2510 2320 2515 2321 2516 2708 2513 2709 2514 2324 2325 2322 2323 2328 2329 2326 2327 2309 2308 2518 2517 2721 2720 2519 2723 2722 2725 2724 2715 2520 2716 2521 2717 2522 2718 2523 2719 2524 2525 2526 2310 2527 2311 2312 2313 2314 2315 2316 2317 2318 2735 2736 2733 2734 2731 2732 2730 2632 2633 2630 2631 2636 2637 2634 2635 2240 2629 2628 2349 2627 2348 2347 2244 2346 2243 2345 2242 2344 2241 2343 2248 2342 2247 2341 2246 2340 2245 2729 2728 2727 2726 2249 2744 2745 2746 2747 2740 2741 2742 2743 2640 2641 2642 2643 2644 2645 2646 2647 2648 2639 2338 2638 2337 2339 2334 2231 2333 2230 2336 2233 2335 2232 2330 2235 2234 2332 2237 2331 2236 2738 2239 2737 2238 2739 2753 2754 2751 2752 2757 2758 2755 2756 2614 2615 2612 2613 2610 2750 2611 2222 2369 2221 2368 2220 2367 2609 2366 2608 2607 2606 2605 2361 2229 2360 2749 2228 2748 2227 2226 2365 2225 2364 2224 2363 2223 2362 2762 2763 2764 2765 2766 2209 2767 2768 2769 2623 2624 2625 2626 2620 2760 2621 2761 2622 2356 2355 2358 2211 2357 2210 2617 2616 2359 2619 2618 2217 2759 2216 2350 2219 2218 2352 2213 2351 2212 2354 2215 2353 2214 2579 2470 2471 2575 2472 2576 2473 2577 2474 2578 2475 2571 2476 2572 2477 2573 2478 2574 2479 2570 2770 2675 2674 2772 2677 2771 2676 2679 2678 2778 2777 2779 2774 2671 2773 2670 2776 2673 2775 2672 2481 2482 2480 2588 2485 2589 2486 2586 2483 2587 2484 2584 2489 2585 2582 2487 2583 2488 2580 2581 2783 2688 2782 2687 2781 2686 2780 2685 2689 2680 2789 2788 2787 2684 2786 2683 2785 2682 2784 2681 2597 2450 2598 2451 2599 2452 2453 2458 2590 2459 2591 2592 2649 2593 2454 2594 2455 2595 2456 2596 2457 2657 2656 2790 2659 2658 2792 2653 2791 2652 2794 2655 2793 2654 2796 2795 2798 2651 2797 2650 2799 2463 2464 2461 2462 2460 2469 2467 2468 2465 2466 2669 2668 2667 2666 2665 2664 2663 2662 2661 2660 2433 2432 2435 2530 2434 2437 2436 2439 2438 2536 2535 2538 2537 2532 2531 2431 2534 2430 2533 2528 2529 2429 2446 2541 2445 2540 2444 2443 2449 2448 2447 2549 2548 2547 2546 2442 2545 2441 2544 2440 2543 2542 2539 2415 2414 2417 2416 2411 2550 2410 2552 2413 2551 2412 2554 2553 2556 2555 2558 2557 2559 2692 2693 2694 2695 2690 2691 2696 2407 2697 2408 2698 2409 2699 2428 2427 2426 2425 2800 2563 2424 2562 2423 2802 2561 2422 2801 2560 2421 2567 2420 2566 2565 2564 2569 2568 2418 2419 2817 2816 2815 2814 2819 2818 2820 2823 2824 2821 2822 2804 2803 2806 2805 2808 2807 2809 2810 2811 2812 2813 2826 2825 2827 2390 2493 2492 2491 2490 2497 2496 2495 2399 2494 2398 2397 2396 2499 2395 2498 2394 2393 2392 2391 2389 2388 2381 2380 2383 2382 2385 2384 2387 2386 2379 2378 2377 2372 2371 2370 2376 2375 2374 2373 2250 2251 2254 2255 2252 2253 2258 2259 2256 2257 2260 2261 2262 2263 2168 2264 2169 2265 2266 2267 2268 2269 2166 2167 2276 2277 2274 2275 2272 2273 2270 2271 2278 2279 2285 2286 2287 2288 2281 2282 2283 2284 2289 2280 2199 2198 2197 2196 2195 2194 2193 2295 2294 2293 2292 2299 2298 2297 2296 2290 2291 2191 2192 2190 2174 2173 2172 2171 2178 2177 2176 2175 2179 2170 2183 2182 2185 2184 2187 2186 2189 2188 2180 2181 
2829 1 2828 
2830 2 2829 2000 
2831 2 2829 2001 
2832 2 2829 2002 
2833 2 2829 2003 
2834 2 2829 2004 
2835 2 2829 2005 
2836 2 2829 2006 
2837 2 2829 2007 
2838 2 2829 2008 
2839 2 2829 2009 
2840 2 2829 2010 
2841 2 2829 2011 
2842 2 2829 2012 
2843 2 2829 2013 
2844 2 2829 2014 
2845 2 2829 2015 
2846 2 2829 2016 
2847 2 2829 2017 
2848 2 2829 2018 
2849 2 2829 2019 
2850 2 2829 2020 
2851 2 2829 2021 
2852 2 2829 2022 
2853 2 2829 2023 
2854 2 2829 2024 
2855 2 2829 2025 
2856 2 2829 2026 
2857 2 2829 2027 
2858 2 2829 2028 
2859 2 2829 2029 
2860 2 2829 2030 
2861 2 2829 2031 
2862 2 2829 2032 
2863 2 2829 2033 
2864 2 2034 2829 
2865 2 2035 2829 
2866 2 2829 2036 
2867 2 2829 2037 
2868 2 2829 2038 
2869 2 2829 2039 
2870 2 2829 2040 
2871 2 2829 2041 
2872 2 2829 2042 
2873 2 2043 2829 
2874 2 2044 2829 
2875 2 2829 2045 
2876 2 2829 2046 
2877 2 2829 2047 
2878 2 2829 2048 
2879 2 2829 2049 
2880 2 2829 2050 
2881 2 2829 2051 
2882 2 2829 2052 
2883 2 2829 2053 
2884 2 2829 2054 
2885 2 2829 2055 
2886 2 2829 2056 
2887 2 2829 2057 
2888 2 2829 2058 
2889 2 2829 2059 
2890 2 2829 2060 
2891 2 2829 2061 
2892 2 2829 2062 
2893 2 2829 2063 
2894 2 2829 2064 
2895 2 2829 2065 
2896 2 2829 2066 
2897 2 2829 2067 
2898 2 2829 2068 
2899 2 2069 2829 
2900 2 2070 2829 
2901 2 2071 2829 
2902 2 2829 2072 
2903 2 2829 2073 
2904 2 2829 2074 
2905 2 2829 2075 
2906 2 2829 2076 
2907 2 2829 2077 
2908 2 2829 2078 
2909 2 2829 2079 
2910 2 2080 2829 
2911 2 2829 2081 
2912 2 2829 2082 
2913 2 2829 2083 
2914 2 2829 2084 
2915 2 2829 2085 
2916 2 2829 2086 
2917 2 2829 2087 
2918 2 2829 2088 
2919 2 2829 2089 
2920 2 2829 2090 
2921 2 2829 2091 
2922 2 2829 2092 
2923 2 2829 2093 
2924 2 2094 2829 
2925 2 2095 2829 
2926 2 2829 2096 
2927 2 2829 2097 
2928 2 2829 2098 
2929 2 2829 2099 
2930 2 2829 2100 
2931 2 2829 2101 
2932 2 2829 2102 
2933 2 2829 2103 
2934 2 2829 2104 
2935 2 2829 2105 
2936 2 2829 2106 
2937 2 2829 2107 
2938 2 2108 2829 
2939 2 2109 2829 
2940 2 2829 2110 
2941 2 2829 2111 
2942 2 2829 2112 
2943 2 2113 2829 
2944 2 2114 2829 
2945 2 2829 2115 
2946 2 2829 2116 
2947 2 2829 2117 
2948 2 2829 2118 
2949 2 2829 2119 
2950 2 2829 2120 
2951 2 2829 2121 
2952 2 2829 2122 
2953 2 2829 2123 
2954 2 2829 2124 
2955 2 2829 2125 
2956 2 2126 2829 
2957 2 2127 2829 
2958 2 2829 2128 
2959 2 2829 2129 
2960 2 2829 2130 
2961 2 2829 2131 
2962 2 2829 2132 
2963 2 2829 2133 
2964 2 2829 2134 
2965 2 2829 2135 
2966 2 2829 2136 
2967 2 2137 2829 
2968 2 2138 2829 
2969 2 2829 2139 
2970 2 2829 2140 
2971 2 2829 2141 
2972 2 2829 2142 
2973 2 2829 2143 
2974 2 2829 2144 
2975 2 2829 2145 
2976 2 2146 2829 
2977 2 2147 2829 
2978 2 2829 2148 
2979 2 2829 2149 
2980 2 2829 2150 
2981 2 2829 2151 
2982 2 2829 2152 
2983 2 2829 2153 
2984 2 2829 2154 
2985 2 2829 2155 
2986 2 2829 2156 
2987 2 2829 2157 
2988 2 2829 2158 
2989 2 2829 2159 
2990 2 2829 2160 
2991 2 2829 2161 
2992 2 2829 2162 
2993 2 2829 2163 
2994 2 2829 2164 
2995 2 2829 2165 
2996 166 2959 2958 2957 2966 2967 2964 2965 2962 2963 2960 2961 2892 2893 2890 2891 2896 2897 2894 2895 2947 2946 2949 2898 2948 2899 2953 2954 2955 2956 2950 2951 2952 2839 2838 2837 2836 2938 2937 2936 2935 2939 2940 2941 2944 2945 2942 2943 2845 2846 2843 2844 2841 2842 2840 2925 2924 2927 2926 2929 2928 2930 2931 2932 2933 2934 2832 2833 2834 2835 2830 2831 2858 2859 2912 2911 2910 2864 2904 2863 2905 2862 2902 2861 2903 2868 2908 2867 2909 2866 2906 2865 2907 2860 2847 2848 2849 2921 2920 2923 2922 2990 2851 2913 2850 2914 2992 2853 2915 2991 2852 2916 2855 2917 2854 2918 2857 2919 2856 2994 2993 2995 2979 2889 2888 2887 2981 2886 2980 2885 2884 2883 2985 2882 2984 2881 2983 2880 2982 2989 2988 2987 2986 2968 2969 2901 2900 2869 2877 2876 2879 2878 2873 2872 2970 2875 2874 2972 2971 2974 2871 2973 2870 2976 2975 2978 2977 
2997 1 2996 
2998 1 2997 
2999 1 2998 
