1
100
0 0 
1 0 
2 0 
3 0 
4 0 
5 0 
6 0 
7 0 
8 0 
9 0 
10 0 
11 0 
12 0 
13 0 
14 0 
15 0 
16 2 1 0 
17 2 0 9 
18 2 0 11 
19 2 13 0 
20 2 1 0 
21 2 1 3 
22 2 1 6 
23 2 1 7 
24 2 1 8 
25 2 1 9 
26 2 12 1 
27 2 13 1 
28 2 1 15 
29 2 2 3 
30 2 2 6 
31 2 3 7 
32 2 12 3 
33 2 13 3 
34 2 15 3 
35 2 2 4 
36 2 12 4 
37 2 13 4 
38 2 1 5 
39 2 1 6 
40 2 6 4 
41 2 6 8 
42 2 6 9 
43 2 10 6 
44 2 12 6 
45 2 0 7 
46 2 2 7 
47 2 3 7 
48 2 11 7 
49 2 4 8 
50 2 8 7 
51 1 8 
52 2 10 8 
53 2 11 8 
54 1 9 
55 2 1 10 
56 2 10 3 
57 2 10 5 
58 2 10 7 
59 1 10 
60 2 13 10 
61 2 10 14 
62 2 0 11 
63 2 11 8 
64 2 11 14 
65 2 12 4 
66 1 12 
67 2 12 15 
68 2 1 13 
69 2 13 5 
70 2 13 7 
71 2 12 13 
72 1 13 
73 2 2 15 
74 2 3 15 
75 2 15 8 
76 2 11 15 
77 2 14 15 
78 62 59 58 16 53 17 52 51 50 57 56 18 55 19 54 60 69 20 21 22 23 24 25 62 26 61 27 64 28 63 66 29 65 68 67 70 71 34 35 32 33 30 31 77 76 75 38 74 39 73 36 72 37 43 44 45 46 40 41 42 47 48 49 
79 1 78 
80 2 0 79 
81 2 1 79 
82 2 2 79 
83 2 79 3 
84 2 79 4 
85 2 79 5 
86 2 6 79 
87 2 79 7 
88 2 79 8 
89 2 79 9 
90 2 10 79 
91 2 11 79 
92 2 12 79 
93 2 13 79 
94 2 79 14 
95 2 79 15 
96 16 94 95 80 81 82 88 87 89 84 91 83 90 93 86 85 92 
97 1 96 
98 1 97 
99 1 98 
