1
1000
0 0 
1 0 
2 0 
3 0 
4 0 
5 0 
6 0 
7 0 
8 0 
9 0 
10 0 
11 0 
12 0 
13 0 
14 0 
15 0 
16 0 
17 0 
18 0 
19 0 
20 0 
21 0 
22 0 
23 0 
24 0 
25 0 
26 0 
27 0 
28 0 
29 0 
30 0 
31 0 
32 0 
33 0 
34 0 
35 0 
36 0 
37 0 
38 0 
39 0 
40 0 
41 0 
42 0 
43 0 
44 0 
45 0 
46 0 
47 0 
48 0 
49 0 
50 0 
51 0 
52 0 
53 0 
54 0 
55 0 
56 0 
57 0 
58 0 
59 0 
60 0 
61 0 
62 0 
63 0 
64 0 
65 0 
66 0 
67 0 
68 0 
69 0 
70 0 
71 0 
72 0 
73 0 
74 0 
75 0 
76 0 
77 0 
78 0 
79 0 
80 0 
81 0 
82 0 
83 0 
84 0 
85 0 
86 0 
87 0 
88 0 
89 0 
90 0 
91 0 
92 0 
93 0 
94 0 
95 0 
96 0 
97 0 
98 0 
99 0 
100 0 
101 0 
102 0 
103 0 
104 0 
105 0 
106 0 
107 0 
108 0 
109 0 
110 0 
111 0 
112 0 
113 0 
114 0 
115 0 
116 0 
117 0 
118 0 
119 0 
120 0 
121 0 
122 0 
123 0 
124 0 
125 0 
126 0 
127 0 
128 0 
129 0 
130 0 
131 0 
132 0 
133 0 
134 0 
135 0 
136 0 
137 0 
138 0 
139 0 
140 0 
141 0 
142 0 
143 0 
144 0 
145 0 
146 0 
147 0 
148 0 
149 0 
150 0 
151 0 
152 0 
153 0 
154 0 
155 0 
156 0 
157 0 
158 0 
159 0 
160 0 
161 0 
162 0 
163 0 
164 0 
165 0 
166 2 0 93 
167 2 147 0 
168 2 1 50 
169 2 70 1 
170 2 1 103 
171 2 126 1 
172 2 136 1 
173 2 12 2 
174 2 2 22 
175 2 35 2 
176 2 2 66 
177 2 2 92 
178 2 105 2 
179 2 137 2 
180 2 148 2 
181 2 12 3 
182 2 35 3 
183 2 43 3 
184 2 80 3 
185 2 103 3 
186 2 4 29 
187 2 51 4 
188 2 119 4 
189 2 4 134 
190 2 5 39 
191 2 94 5 
192 2 119 5 
193 2 157 5 
194 2 158 5 
195 2 165 5 
196 2 6 85 
197 2 148 6 
198 2 22 7 
199 2 25 7 
200 2 44 7 
201 2 75 7 
202 2 82 7 
203 2 101 7 
204 2 105 7 
205 2 129 7 
206 2 132 7 
207 2 158 7 
208 2 2 8 
209 2 39 8 
210 2 88 8 
211 2 109 8 
212 2 128 8 
213 2 20 9 
214 2 43 9 
215 2 74 9 
216 2 115 9 
217 2 0 10 
218 2 10 19 
219 2 30 10 
220 2 34 10 
221 2 137 10 
222 2 10 141 
223 2 21 11 
224 2 11 29 
225 2 11 51 
226 2 11 52 
227 2 94 11 
228 2 12 128 
229 2 148 12 
230 2 13 8 
231 2 40 13 
232 2 13 72 
233 2 118 13 
234 2 124 13 
235 2 13 131 
236 2 13 154 
237 2 14 3 
238 2 101 14 
239 2 109 14 
240 2 113 14 
241 2 139 14 
242 2 14 142 
243 2 5 15 
244 2 44 15 
245 2 88 15 
246 2 103 15 
247 2 15 111 
248 2 137 15 
249 2 15 151 
250 2 16 120 
251 2 35 17 
252 2 94 17 
253 2 117 17 
254 2 126 17 
255 2 17 131 
256 2 17 153 
257 2 78 18 
258 2 114 18 
259 2 116 18 
260 2 9 19 
261 2 30 19 
262 2 108 19 
263 2 109 19 
264 2 111 19 
265 2 120 19 
266 1 20 
267 2 20 23 
268 2 126 20 
269 2 147 20 
270 2 21 11 
271 2 21 13 
272 2 97 21 
273 2 22 56 
274 2 22 83 
275 2 116 22 
276 2 22 158 
277 2 23 27 
278 2 23 73 
279 2 23 77 
280 2 81 23 
281 2 23 83 
282 2 115 23 
283 2 23 123 
284 2 129 23 
285 2 23 130 
286 2 24 28 
287 2 44 24 
288 2 24 56 
289 2 24 91 
290 2 17 26 
291 2 61 26 
292 2 96 26 
293 2 117 26 
294 2 10 27 
295 2 32 27 
296 2 44 27 
297 2 108 27 
298 2 146 27 
299 2 0 28 
300 2 28 49 
301 2 28 67 
302 2 28 84 
303 2 46 30 
304 2 126 30 
305 2 2 31 
306 2 31 47 
307 2 32 0 
308 2 32 62 
309 2 32 78 
310 2 32 160 
311 2 33 31 
312 2 59 33 
313 2 33 83 
314 2 34 78 
315 2 34 121 
316 2 34 133 
317 2 34 148 
318 2 35 38 
319 2 35 48 
320 2 35 62 
321 2 35 64 
322 2 35 142 
323 2 35 156 
324 2 58 36 
325 2 70 36 
326 2 36 163 
327 2 15 37 
328 2 40 37 
329 2 57 37 
330 2 81 37 
331 2 148 37 
332 2 51 38 
333 2 38 83 
334 2 118 38 
335 2 38 143 
336 2 23 39 
337 1 39 
338 2 78 39 
339 2 79 39 
340 2 39 93 
341 2 114 39 
342 2 151 39 
343 2 154 39 
344 2 40 49 
345 2 98 40 
346 2 40 154 
347 2 40 155 
348 2 21 41 
349 2 22 41 
350 2 58 41 
351 2 41 78 
352 2 82 41 
353 2 41 133 
354 2 42 6 
355 2 42 164 
356 2 43 15 
357 2 43 66 
358 2 43 121 
359 2 43 126 
360 2 43 152 
361 2 43 165 
362 2 44 61 
363 2 44 165 
364 2 45 121 
365 2 45 123 
366 2 148 45 
367 2 136 46 
368 2 46 154 
369 2 29 47 
370 2 47 39 
371 2 47 83 
372 2 97 47 
373 2 102 47 
374 2 147 47 
375 2 160 47 
376 2 58 48 
377 2 48 68 
378 2 90 48 
379 2 110 48 
380 2 153 48 
381 2 40 49 
382 2 89 49 
383 2 50 48 
384 2 81 50 
385 2 89 50 
386 2 114 50 
387 2 117 50 
388 2 50 145 
389 2 59 51 
390 2 95 51 
391 2 118 51 
392 2 52 37 
393 2 42 52 
394 2 115 52 
395 2 53 39 
396 2 59 53 
397 2 82 53 
398 2 99 53 
399 2 53 134 
400 2 147 53 
401 2 53 163 
402 2 16 54 
403 2 37 54 
404 2 101 54 
405 2 150 54 
406 2 81 55 
407 2 110 55 
408 2 156 55 
409 2 4 56 
410 2 56 37 
411 2 56 55 
412 2 60 56 
413 2 56 150 
414 2 57 72 
415 2 105 57 
416 2 156 57 
417 2 58 27 
418 2 58 56 
419 2 127 58 
420 2 59 90 
421 2 60 36 
422 2 60 63 
423 2 114 60 
424 2 60 131 
425 2 60 165 
426 2 20 61 
427 2 44 61 
428 2 61 75 
429 2 125 61 
430 2 61 150 
431 2 41 62 
432 2 109 62 
433 2 63 123 
434 2 130 63 
435 2 63 142 
436 2 147 63 
437 2 63 150 
438 2 158 63 
439 2 64 49 
440 2 87 64 
441 2 102 64 
442 2 126 64 
443 2 130 64 
444 2 64 133 
445 2 140 64 
446 2 17 65 
447 2 122 65 
448 2 139 65 
449 2 141 65 
450 2 21 66 
451 2 22 66 
452 2 158 66 
453 2 164 66 
454 2 2 67 
455 2 47 67 
456 2 58 67 
457 2 72 67 
458 2 84 67 
459 2 120 67 
460 2 69 3 
461 2 69 59 
462 2 69 139 
463 2 70 49 
464 2 70 59 
465 2 70 75 
466 2 70 138 
467 2 71 74 
468 2 71 104 
469 2 127 71 
470 2 71 131 
471 2 71 136 
472 2 113 72 
473 2 138 72 
474 2 17 73 
475 2 129 73 
476 2 138 73 
477 2 74 68 
478 2 119 74 
479 2 159 74 
480 2 21 75 
481 2 77 75 
482 2 76 67 
483 2 148 76 
484 2 10 77 
485 2 23 77 
486 2 26 77 
487 2 88 77 
488 2 41 78 
489 2 78 64 
490 2 71 78 
491 2 119 79 
492 2 80 41 
493 2 80 42 
494 2 80 64 
495 2 80 119 
496 2 127 80 
497 2 81 11 
498 2 81 16 
499 2 81 27 
500 2 81 87 
501 2 108 81 
502 2 82 47 
503 2 82 98 
504 2 82 104 
505 2 82 162 
506 2 83 112 
507 2 141 83 
508 2 15 84 
509 2 35 84 
510 2 84 65 
511 2 80 84 
512 2 117 84 
513 2 148 84 
514 2 0 85 
515 2 2 85 
516 2 18 85 
517 2 54 85 
518 2 65 85 
519 2 74 85 
520 2 122 85 
521 2 135 85 
522 2 137 85 
523 2 35 86 
524 2 69 86 
525 2 74 86 
526 2 101 86 
527 2 115 86 
528 2 117 86 
529 2 154 86 
530 2 26 87 
531 2 41 87 
532 2 113 87 
533 2 69 88 
534 2 31 89 
535 2 80 89 
536 2 128 89 
537 2 20 90 
538 2 115 90 
539 2 143 90 
540 2 153 90 
541 2 77 91 
542 2 115 91 
543 2 133 91 
544 2 22 92 
545 2 36 92 
546 2 50 92 
547 2 132 92 
548 2 50 93 
549 2 74 93 
550 2 136 93 
551 2 94 30 
552 2 94 59 
553 2 94 105 
554 2 94 121 
555 2 94 151 
556 2 95 32 
557 2 96 61 
558 2 96 101 
559 2 97 14 
560 2 97 16 
561 2 106 97 
562 2 97 132 
563 2 98 19 
564 2 98 57 
565 2 98 86 
566 2 107 98 
567 2 98 130 
568 2 98 132 
569 2 148 98 
570 2 99 41 
571 2 99 73 
572 2 99 102 
573 2 109 99 
574 2 99 123 
575 2 16 100 
576 2 100 51 
577 2 100 83 
578 2 127 100 
579 2 100 144 
580 2 100 151 
581 2 80 101 
582 2 137 101 
583 2 138 101 
584 2 147 101 
585 2 101 154 
586 2 21 102 
587 2 42 102 
588 2 102 76 
589 2 102 122 
590 2 12 103 
591 2 103 42 
592 2 105 103 
593 2 104 5 
594 2 147 104 
595 2 70 105 
596 2 105 73 
597 2 106 105 
598 2 105 123 
599 2 106 86 
600 2 106 165 
601 2 107 12 
602 2 107 41 
603 2 71 107 
604 2 113 107 
605 2 148 107 
606 2 34 108 
607 2 44 108 
608 2 108 66 
609 2 108 100 
610 2 109 9 
611 2 109 123 
612 2 25 110 
613 2 129 110 
614 2 85 111 
615 2 115 111 
616 2 148 111 
617 2 33 112 
618 2 121 112 
619 2 159 112 
620 2 113 29 
621 2 113 90 
622 2 95 113 
623 2 114 113 
624 2 113 142 
625 2 114 2 
626 2 114 26 
627 2 114 33 
628 2 114 38 
629 2 114 121 
630 2 115 42 
631 2 115 84 
632 2 115 99 
633 2 116 115 
634 2 115 119 
635 2 115 162 
636 2 116 23 
637 2 69 116 
638 2 116 92 
639 2 116 99 
640 2 116 130 
641 2 116 136 
642 2 45 117 
643 2 117 141 
644 2 118 10 
645 2 118 36 
646 2 118 73 
647 2 118 102 
648 2 118 128 
649 2 119 9 
650 2 119 87 
651 2 24 120 
652 2 86 120 
653 2 110 120 
654 2 46 121 
655 2 86 121 
656 2 108 121 
657 2 121 111 
658 2 157 121 
659 2 4 122 
660 2 56 122 
661 2 69 122 
662 2 91 122 
663 2 124 122 
664 2 143 122 
665 2 123 93 
666 2 140 123 
667 2 157 123 
668 2 124 30 
669 2 124 31 
670 2 106 124 
671 2 125 37 
672 2 125 103 
673 2 125 110 
674 2 125 136 
675 2 125 157 
676 2 126 13 
677 2 126 36 
678 2 126 65 
679 2 127 13 
680 2 127 121 
681 2 127 145 
682 2 127 164 
683 2 128 101 
684 2 136 128 
685 1 129 
686 2 129 140 
687 2 10 130 
688 2 116 130 
689 2 130 132 
690 2 147 130 
691 2 2 131 
692 2 15 131 
693 2 1 132 
694 2 45 132 
695 2 63 132 
696 2 90 132 
697 2 123 132 
698 2 140 132 
699 2 150 132 
700 2 30 133 
701 2 81 133 
702 2 13 134 
703 2 29 134 
704 2 74 134 
705 2 134 120 
706 2 126 134 
707 2 127 134 
708 2 135 68 
709 2 80 135 
710 2 136 36 
711 2 136 37 
712 2 136 39 
713 2 69 136 
714 2 136 120 
715 2 148 136 
716 2 136 157 
717 2 137 46 
718 2 137 54 
719 2 137 124 
720 2 137 144 
721 2 138 25 
722 2 138 39 
723 2 138 83 
724 2 138 154 
725 2 139 51 
726 2 32 140 
727 2 81 140 
728 2 94 140 
729 2 140 123 
730 2 139 140 
731 2 146 140 
732 2 15 141 
733 2 62 141 
734 2 99 141 
735 2 100 141 
736 2 141 121 
737 2 148 141 
738 2 142 68 
739 2 142 72 
740 2 75 142 
741 2 142 85 
742 2 142 93 
743 2 102 142 
744 2 137 142 
745 2 1 143 
746 2 10 143 
747 2 143 18 
748 2 97 143 
749 2 99 143 
750 2 25 144 
751 2 48 144 
752 2 76 144 
753 2 88 144 
754 2 15 145 
755 2 41 145 
756 2 104 145 
757 2 130 145 
758 2 146 19 
759 2 146 24 
760 2 146 76 
761 2 146 123 
762 2 148 11 
763 2 148 133 
764 2 148 143 
765 2 148 154 
766 2 149 7 
767 2 149 15 
768 2 149 41 
769 2 149 72 
770 2 149 128 
771 2 149 165 
772 2 22 150 
773 2 40 150 
774 2 48 150 
775 2 67 150 
776 2 121 150 
777 2 47 151 
778 2 151 55 
779 2 135 151 
780 2 52 152 
781 2 104 152 
782 2 142 152 
783 2 10 153 
784 2 153 134 
785 2 149 153 
786 2 158 153 
787 2 46 154 
788 2 99 154 
789 2 106 154 
790 2 164 154 
791 2 155 47 
792 2 155 63 
793 2 155 142 
794 2 147 155 
795 2 159 155 
796 2 156 50 
797 2 156 55 
798 2 156 56 
799 2 130 156 
800 2 30 157 
801 2 157 77 
802 2 107 157 
803 2 157 155 
804 2 2 158 
805 2 158 26 
806 2 32 158 
807 2 81 158 
808 2 105 158 
809 2 159 29 
810 2 82 159 
811 2 127 159 
812 2 58 160 
813 2 60 160 
814 2 160 74 
815 2 96 161 
816 2 125 161 
817 2 62 162 
818 2 117 162 
819 2 162 120 
820 2 128 162 
821 2 148 162 
822 2 111 163 
823 2 164 4 
824 2 103 164 
825 2 165 14 
826 2 165 140 
827 2 165 163 
828 662 203 204 201 202 207 208 205 206 306 307 304 305 302 303 200 300 301 600 602 601 604 603 701 700 703 702 502 503 504 505 500 501 400 401 402 403 404 405 406 319 710 509 508 507 506 714 713 712 711 706 511 707 512 704 705 510 320 515 321 516 708 513 709 514 324 325 322 323 328 329 326 327 309 308 518 517 721 720 519 723 722 725 724 715 520 716 521 717 522 718 523 719 524 525 526 310 527 311 312 313 314 315 316 317 318 735 736 733 734 731 732 730 632 633 630 631 636 637 634 635 240 629 628 349 627 348 347 244 346 243 345 242 344 241 343 248 342 247 341 246 340 245 729 728 727 726 249 744 745 746 747 740 741 742 743 640 641 642 643 644 645 646 647 648 639 338 638 337 339 334 231 333 230 336 233 335 232 330 235 234 332 237 331 236 738 239 737 238 739 753 754 751 752 757 758 755 756 614 615 612 613 610 750 611 222 369 221 368 220 367 609 366 608 607 606 605 361 229 360 749 228 748 227 226 365 225 364 224 363 223 362 762 763 764 765 766 209 767 768 769 623 624 625 626 620 760 621 761 622 356 355 358 211 357 210 617 616 359 619 618 217 759 216 350 219 218 352 213 351 212 354 215 353 214 579 470 471 575 472 576 473 577 474 578 475 571 476 572 477 573 478 574 479 570 770 675 674 772 677 771 676 679 678 778 777 779 774 671 773 670 776 673 775 672 481 482 480 588 485 589 486 586 483 587 484 584 489 585 582 487 583 488 580 581 783 688 782 687 781 686 780 685 689 680 789 788 787 684 786 683 785 682 784 681 597 450 598 451 599 452 453 458 590 459 591 592 649 593 454 594 455 595 456 596 457 657 656 790 659 658 792 653 791 652 794 655 793 654 796 795 798 651 797 650 799 463 464 461 462 460 469 467 468 465 466 669 668 667 666 665 664 663 662 661 660 433 432 435 530 434 437 436 439 438 536 535 538 537 532 531 431 534 430 533 528 529 429 446 541 445 540 444 443 449 448 447 549 548 547 546 442 545 441 544 440 543 542 539 415 414 417 416 411 550 410 552 413 551 412 554 553 556 555 558 557 559 692 693 694 695 690 691 696 407 697 408 698 409 699 428 427 426 425 800 563 424 562 423 802 561 422 801 560 421 567 420 566 565 564 569 568 418 419 817 816 815 814 819 818 820 823 824 821 822 804 803 806 805 808 807 809 810 811 812 813 826 825 827 390 493 492 491 490 497 496 495 399 494 398 397 396 499 395 498 394 393 392 391 389 388 381 380 383 382 385 384 387 386 379 378 377 372 371 370 376 375 374 373 250 251 254 255 252 253 258 259 256 257 260 261 262 263 168 264 169 265 266 267 268 269 166 167 276 277 274 275 272 273 270 271 278 279 285 286 287 288 281 282 283 284 289 280 199 198 197 196 195 194 193 295 294 293 292 299 298 297 296 290 291 191 192 190 174 173 172 171 178 177 176 175 179 170 183 182 185 184 187 186 189 188 180 181 
829 1 828 
830 2 829 0 
831 2 829 1 
832 2 829 2 
833 2 829 3 
834 2 829 4 
835 2 829 5 
836 2 829 6 
837 2 829 7 
838 2 829 8 
839 2 829 9 
840 2 829 10 
841 2 829 11 
842 2 829 12 
843 2 829 13 
844 2 829 14 
845 2 829 15 
846 2 829 16 
847 2 829 17 
848 2 829 18 
849 2 829 19 
850 2 829 20 
851 2 829 21 
852 2 829 22 
853 2 829 23 
854 2 829 24 
855 2 829 25 
856 2 829 26 
857 2 829 27 
858 2 829 28 
859 2 829 29 
860 2 829 30 
861 2 829 31 
862 2 829 32 
863 2 829 33 
864 2 34 829 
865 2 35 829 
866 2 829 36 
867 2 829 37 
868 2 829 38 
869 2 829 39 
870 2 829 40 
871 2 829 41 
872 2 829 42 
873 2 43 829 
874 2 44 829 
875 2 829 45 
876 2 829 46 
877 2 829 47 
878 2 829 48 
879 2 829 49 
880 2 829 50 
881 2 829 51 
882 2 829 52 
883 2 829 53 
884 2 829 54 
885 2 829 55 
886 2 829 56 
887 2 829 57 
888 2 829 58 
889 2 829 59 
890 2 829 60 
891 2 829 61 
892 2 829 62 
893 2 829 63 
894 2 829 64 
895 2 829 65 
896 2 829 66 
897 2 829 67 
898 2 829 68 
899 2 69 829 
900 2 70 829 
901 2 71 829 
902 2 829 72 
903 2 829 73 
904 2 829 74 
905 2 829 75 
906 2 829 76 
907 2 829 77 
908 2 829 78 
909 2 829 79 
910 2 80 829 
911 2 829 81 
912 2 829 82 
913 2 829 83 
914 2 829 84 
915 2 829 85 
916 2 829 86 
917 2 829 87 
918 2 829 88 
919 2 829 89 
920 2 829 90 
921 2 829 91 
922 2 829 92 
923 2 829 93 
924 2 94 829 
925 2 95 829 
926 2 829 96 
927 2 829 97 
928 2 829 98 
929 2 829 99 
930 2 829 100 
931 2 829 101 
932 2 829 102 
933 2 829 103 
934 2 829 104 
935 2 829 105 
936 2 829 106 
937 2 829 107 
938 2 108 829 
939 2 109 829 
940 2 829 110 
941 2 829 111 
942 2 829 112 
943 2 113 829 
944 2 114 829 
945 2 829 115 
946 2 829 116 
947 2 829 117 
948 2 829 118 
949 2 829 119 
950 2 829 120 
951 2 829 121 
952 2 829 122 
953 2 829 123 
954 2 829 124 
955 2 829 125 
956 2 126 829 
957 2 127 829 
958 2 829 128 
959 2 829 129 
960 2 829 130 
961 2 829 131 
962 2 829 132 
963 2 829 133 
964 2 829 134 
965 2 829 135 
966 2 829 136 
967 2 137 829 
968 2 138 829 
969 2 829 139 
970 2 829 140 
971 2 829 141 
972 2 829 142 
973 2 829 143 
974 2 829 144 
975 2 829 145 
976 2 146 829 
977 2 147 829 
978 2 829 148 
979 2 829 149 
980 2 829 150 
981 2 829 151 
982 2 829 152 
983 2 829 153 
984 2 829 154 
985 2 829 155 
986 2 829 156 
987 2 829 157 
988 2 829 158 
989 2 829 159 
990 2 829 160 
991 2 829 161 
992 2 829 162 
993 2 829 163 
994 2 829 164 
995 2 829 165 
996 166 959 958 957 966 967 964 965 962 963 960 961 892 893 890 891 896 897 894 895 947 946 949 898 948 899 953 954 955 956 950 951 952 839 838 837 836 938 937 936 935 939 940 941 944 945 942 943 845 846 843 844 841 842 840 925 924 927 926 929 928 930 931 932 933 934 832 833 834 835 830 831 858 859 912 911 910 864 904 863 905 862 902 861 903 868 908 867 909 866 906 865 907 860 847 848 849 921 920 923 922 990 851 913 850 914 992 853 915 991 852 916 855 917 854 918 857 919 856 994 993 995 979 889 888 887 981 886 980 885 884 883 985 882 984 881 983 880 982 989 988 987 986 968 969 901 900 869 877 876 879 878 873 872 970 875 874 972 971 974 871 973 870 976 975 978 977 
997 1 996 
998 1 997 
999 1 998 
